10 1 8
5 20 15
12 18 10
3 15 15
5 24 17
18 18 12
15 17 10
3 8 5
12 5 18
12 22 1
6 6 13
13 24 3
10 1 12
20 12 22
20 10 5
1 17 10
5 3 10
6 3 22
20 17 24
1 15 1
3 20 8
6 13 8
10 0 12
0 10 18
6 15 6
3 15 13
6 3 24
6 6 3
22 12 12
12 1 17
0 10 13
5 12 3
0 0 0
0 0 0
0 0 0
0 0 0
1 8 13
6 3 20
3 15 5
18 10 13
3 1 1
12 24 3
8 15 6
20 6 5
22 5 12
22 6 1
8 12 5
3 17 13
3 18 6
12 6 5
12 13 8
24 10 3
6 1 10
20 6 10
24 6 13
10 24 5
12 0 1
18 17 0
1 13 17
3 13 24
3 12 1
8 17 1
5 0 5
13 8 17
12 5 12
3 12 20
1 5 15
12 24 12
0 0 0
0 0 0
0 0 0
0 0 0
13 13 1
5 17 6
8 12 3
0 17 13
18 0 13
10 10 1
15 3 18
13 6 12
10 0 1
6 1 8
12 5 13
13 5 1
20 17 12
6 5 3
1 17 17
15 15 15
15 18 8
13 6 1
6 1 15
12 15 5
12 13 5
8 18 10
8 22 8
24 17 3
20 13 1
8 6 24
13 5 3
1 1 1
3 15 22
24 15 0
12 12 13
12 13 10
0 0 0
0 0 0
0 0 0
0 0 0
1 8 3
1 12 3
22 20 5
13 5 10
1 22 1
0 15 8
12 3 5
13 12 10
6 8 22
8 3 5
15 13 8
3 3 24
22 3 15
15 1 8
3 1 13
13 6 3
1 1 18
17 15 22
3 24 1
8 0 10
12 8 12
6 3 18
22 6 3
24 6 8
3 13 18
10 1 5
10 3 12
12 17 0
20 8 8
8 18 20
6 24 10
20 1 22
0 0 0
0 0 0
0 0 0
0 0 0
6 5 0
0 18 10
17 3 20
8 8 6
17 24 8
6 13 10
1 5 12
12 6 13
22 6 3
8 10 10
6 13 1
24 1 3
12 15 5
5 12 1
0 17 13
3 12 6
1 6 1
12 15 3
0 6 10
12 5 24
13 12 0
1 22 13
5 5 20
5 12 18
1 8 1
1 3 0
15 6 3
8 12 10
5 24 6
10 22 10
17 8 8
10 1 1
0 0 0
0 0 0
0 0 0
0 0 0
17 24 5
1 15 12
8 17 22
24 5 6
10 17 5
5 10 8
6 3 18
0 1 18
0 1 5
18 13 5
12 12 10
15 18 13
5 6 18
10 3 1
8 8 3
17 5 6
13 3 3
13 18 13
13 12 5
22 15 10
13 22 20
5 12 13
13 8 5
24 10 13
15 10 24
13 12 17
5 1 15
8 1 18
8 8 10
12 20 20
8 10 10
8 18 1
0 0 0
0 0 0
0 0 0
0 0 0
1 17 15
15 3 24
6 20 6
6 12 12
22 13 10
12 3 15
24 8 3
12 8 1
0 5 13
3 3 24
10 10 5
3 5 8
3 10 0
22 15 24
10 8 8
18 15 10
6 15 1
0 8 3
1 12 5
0 22 12
12 12 12
17 10 17
13 1 10
6 15 13
8 17 10
24 8 24
24 1 13
13 5 20
3 10 20
17 13 15
0 3 3
3 0 18
0 0 0
0 0 0
0 0 0
0 0 0
24 18 5
10 8 18
13 24 22
20 13 15
10 8 5
1 13 12
5 17 17
8 18 8
24 18 8
20 1 13
0 24 12
6 18 24
1 17 8
3 0 17
15 6 17
1 6 8
6 15 6
6 5 22
0 6 13
13 6 15
6 8 22
20 1 20
12 6 22
15 12 17
1 10 5
8 1 8
20 3 8
6 18 0
24 10 6
24 13 3
10 8 22
5 13 12
0 0 0
0 0 0
0 0 0
0 0 0
5 20 20
1 10 22
10 8 8
8 3 10
24 5 1
12 5 10
1 17 8
5 24 15
20 3 12
0 1 3
15 12 13
3 15 12
15 15 5
15 18 5
10 6 18
18 10 1
22 12 8
10 8 1
3 24 10
3 10 8
13 1 13
24 13 6
5 12 0
3 17 18
17 10 3
24 24 8
13 24 8
8 6 15
10 1 6
8 12 13
5 3 20
13 6 12
0 0 0
0 0 0
0 0 0
0 0 0
5 24 5
13 15 12
6 24 20
5 1 13
8 24 22
0 0 20
17 15 5
15 6 20
13 15 3
15 0 0
10 10 8
5 3 15
5 12 22
1 12 8
5 15 8
12 8 3
12 12 13
1 5 8
20 1 17
10 13 18
6 20 8
5 15 8
13 18 6
6 15 0
8 6 17
6 0 15
20 13 18
0 10 12
3 10 6
1 6 6
8 3 5
8 18 22
0 0 0
0 0 0
0 0 0
0 0 0
3 8 1
10 13 12
20 20 8
24 6 22
13 22 20
10 8 13
5 8 8
3 15 24
20 5 18
12 6 8
3 1 1
1 8 5
5 0 8
20 17 10
5 6 12
3 24 15
13 20 5
5 12 10
6 13 3
17 5 8
0 3 5
22 0 5
15 3 3
1 0 6
22 3 17
18 1 13
0 12 1
1 12 15
10 0 3
15 5 5
8 8 1
12 3 15
0 0 0
0 0 0
0 0 0
0 0 0
17 6 24
22 15 10
12 10 3
10 24 10
8 3 6
5 12 8
3 6 5
12 10 17
22 15 24
5 5 15
0 10 0
5 10 20
24 13 12
22 13 6
5 22 5
13 15 13
3 17 3
6 13 12
6 6 22
6 0 3
24 5 10
8 15 5
13 22 10
13 5 6
17 12 20
10 6 3
0 10 17
3 0 22
15 3 12
0 13 1
18 1 15
17 8 8
0 0 0
0 0 0
0 0 0
0 0 0
5 24 5
13 15 12
6 24 20
5 1 13
8 24 22
0 0 20
17 15 5
15 6 20
13 15 3
15 0 0
10 10 8
5 3 15
5 12 22
1 12 8
5 15 8
12 8 3
12 12 13
1 5 8
20 1 17
10 13 18
6 20 8
5 15 8
13 18 6
6 15 0
8 6 17
6 0 15
20 13 18
0 10 12
3 10 6
1 6 6
8 3 5
8 18 22
0 0 0
0 0 0
0 0 0
0 0 0
13 13 1
5 17 6
8 12 3
0 17 13
18 0 13
10 10 1
15 3 18
13 6 12
10 0 1
6 1 8
12 5 13
13 5 1
20 17 12
6 5 3
1 17 17
15 15 15
15 18 8
13 6 1
6 1 15
12 15 5
12 13 5
8 18 10
8 22 8
24 17 3
20 13 1
8 6 24
13 5 3
1 1 1
3 15 22
24 15 0
12 12 13
12 13 10
0 0 0
0 0 0
0 0 0
0 0 0
24 18 5
10 8 18
13 24 22
20 13 15
10 8 5
1 13 12
5 17 17
8 18 8
24 18 8
20 1 13
0 24 12
6 18 24
1 17 8
3 0 17
15 6 17
1 6 8
6 15 6
6 5 22
0 6 13
13 6 15
6 8 22
20 1 20
12 6 22
15 12 17
1 10 5
8 1 8
20 3 8
6 18 0
24 10 6
24 13 3
10 8 22
5 13 12
0 0 0
0 0 0
0 0 0
0 0 0
17 6 24
22 15 10
12 10 3
10 24 10
8 3 6
5 12 8
3 6 5
12 10 17
22 15 24
5 5 15
0 10 0
5 10 20
24 13 12
22 13 6
5 22 5
13 15 13
3 17 3
6 13 12
6 6 22
6 0 3
24 5 10
8 15 5
13 22 10
13 5 6
17 12 20
10 6 3
0 10 17
3 0 22
15 3 12
0 13 1
18 1 15
17 8 8
0 0 0
0 0 0
0 0 0
0 0 0
5 24 1
13 15 6
6 12 3
0 17 13
18 0 22
0 10 20
15 3 18
15 6 12
10 0 3
15 0 8
10 5 8
5 5 15
20 17 12
6 12 3
5 15 17
15 15 15
15 12 8
1 5 8
20 1 15
12 13 18
12 20 5
5 15 8
8 18 8
6 17 3
8 6 1
8 0 24
13 13 18
1 1 12
3 15 6
1 6 6
12 12 13
8 13 10
0 0 0
0 0 0
0 0 0
0 0 0
13 13 5
5 17 12
8 24 20
5 1 13
8 24 13
10 0 1
17 15 5
13 6 20
13 15 1
6 1 0
12 10 13
13 3 1
5 12 22
1 5 8
1 17 8
12 8 3
12 18 13
13 6 1
6 1 17
10 15 5
6 13 8
8 18 10
13 22 6
24 15 0
20 13 17
6 6 15
20 5 3
0 10 1
3 10 22
24 15 0
8 3 5
12 18 22
0 0 0
0 0 0
0 0 0
0 0 0
5 24 5
13 15 12
6 24 20
5 1 13
8 24 22
0 0 20
17 15 5
15 6 20
13 15 3
15 0 0
10 10 8
5 3 15
5 12 22
1 12 8
5 15 8
12 8 3
12 12 13
1 5 8
20 1 17
10 13 18
6 20 8
5 15 8
13 18 6
6 15 0
8 6 17
6 0 15
20 13 18
0 10 12
3 10 6
1 6 6
8 3 5
8 18 22
0 0 0
0 0 0
0 0 0
0 0 0
10 1 8
5 20 15
12 18 10
3 15 15
5 24 17
18 18 12
15 17 10
3 8 5
12 5 18
12 22 1
6 6 13
13 24 3
10 1 12
20 12 22
20 10 5
1 17 10
5 3 10
6 3 22
20 17 24
1 15 1
3 20 8
6 13 8
10 0 12
0 10 18
6 15 6
3 15 13
6 3 24
6 6 3
22 12 12
12 1 17
0 10 13
5 12 3
0 0 0
0 0 0
0 0 0
0 0 0
6 5 0
0 18 10
17 3 20
8 8 6
17 24 8
6 13 10
1 5 12
12 6 13
22 6 3
8 10 10
6 13 1
24 1 3
12 15 5
5 12 1
0 17 13
3 12 6
1 6 1
12 15 3
0 6 10
12 5 24
13 12 0
1 22 13
5 5 20
5 12 18
1 8 1
1 3 0
15 6 3
8 12 10
5 24 6
10 22 10
17 8 8
10 1 1
0 0 0
0 0 0
0 0 0
0 0 0
17 24 5
1 15 12
8 17 22
24 5 6
10 17 5
5 10 8
6 3 18
0 1 18
0 1 5
18 13 5
12 12 10
15 18 13
5 6 18
10 3 1
8 8 3
17 5 6
13 3 3
13 18 13
13 12 5
22 15 10
13 22 20
5 12 13
13 8 5
24 10 13
15 10 24
13 12 17
5 1 15
8 1 18
8 8 10
12 20 20
8 10 10
8 18 1
0 0 0
0 0 0
0 0 0
0 0 0
10 24 8
5 15 12
12 24 10
5 15 15
5 24 22
0 0 12
15 17 10
15 8 5
13 5 18
12 0 0
6 6 13
5 3 15
5 1 12
1 12 8
5 15 8
12 8 10
5 12 10
6 3 22
20 1 17
10 15 1
3 20 8
5 15 8
13 0 12
6 15 18
8 15 6
6 0 13
20 13 18
0 10 3
22 12 6
12 6 6
8 3 13
5 18 3
0 0 0
0 0 0
0 0 0
0 0 0
5 1 5
13 20 15
6 18 20
3 1 13
8 24 17
18 18 20
17 15 5
3 6 20
12 15 3
15 22 1
10 10 8
13 24 3
10 12 22
20 12 22
20 10 5
1 17 3
12 3 13
1 5 8
20 17 24
1 13 18
6 20 8
6 13 8
10 18 6
0 10 0
6 6 17
3 15 15
6 3 24
6 6 12
3 10 12
1 1 17
0 10 5
8 12 22
0 0 0
0 0 0
0 0 0
0 0 0
13 13 1
5 17 6
8 12 3
0 17 13
18 0 13
10 10 1
15 3 18
13 6 12
10 0 1
6 1 8
12 5 13
13 5 1
20 17 12
6 5 3
1 17 17
15 15 15
15 18 8
13 6 1
6 1 15
12 15 5
12 13 5
8 18 10
8 22 8
24 17 3
20 13 1
8 6 24
13 5 3
1 1 1
3 15 22
24 15 0
12 12 13
12 13 10
0 0 0
0 0 0
0 0 0
0 0 0
10 1 8
5 20 15
12 18 10
3 15 15
5 24 17
18 18 12
15 17 10
3 8 5
12 5 18
12 22 1
6 6 13
13 24 3
10 1 12
20 12 22
20 10 5
1 17 10
5 3 10
6 3 22
20 17 24
1 15 1
3 20 8
6 13 8
10 0 12
0 10 18
6 15 6
3 15 13
6 3 24
6 6 3
22 12 12
12 1 17
0 10 13
5 12 3
0 0 0
0 0 0
0 0 0
0 0 0
5 20 20
1 10 22
10 8 8
8 3 10
24 5 1
12 5 10
1 17 8
5 24 15
20 3 12
0 1 3
15 12 13
3 15 12
15 15 5
15 18 5
10 6 18
18 10 1
22 12 8
10 8 1
3 24 10
3 10 8
13 1 13
24 13 6
5 12 0
3 17 18
17 10 3
24 24 8
13 24 8
8 6 15
10 1 6
8 12 13
5 3 20
13 6 12
0 0 0
0 0 0
0 0 0
0 0 0
1 8 3
1 12 3
22 20 5
13 5 10
1 22 1
0 15 8
12 3 5
13 12 10
6 8 22
8 3 5
15 13 8
3 3 24
22 3 15
15 1 8
3 1 13
13 6 3
1 1 18
17 15 22
3 24 1
8 0 10
12 8 12
6 3 18
22 6 3
24 6 8
3 13 18
10 1 5
10 3 12
12 17 0
20 8 8
8 18 20
6 24 10
20 1 22
0 0 0
0 0 0
0 0 0
0 0 0
10 13 1
5 17 6
8 12 3
0 17 15
5 0 13
18 18 12
15 3 18
13 8 12
10 0 18
6 1 1
6 5 13
13 24 3
10 1 12
20 12 3
1 17 5
15 15 15
15 3 10
6 3 22
20 1 15
12 15 5
12 13 5
8 18 10
8 0 8
0 17 18
6 15 1
8 15 24
13 3 3
6 6 3
3 12 22
12 15 0
12 10 13
12 13 3
0 0 0
0 0 0
0 0 0
0 0 0
13 1 8
5 20 15
12 18 10
3 15 13
18 24 17
10 10 1
15 17 10
3 6 5
12 5 1
12 22 8
12 6 13
13 5 1
20 17 12
6 5 22
20 10 17
1 17 10
5 18 8
13 6 1
6 17 24
1 15 1
3 20 8
6 13 8
10 22 12
24 10 3
20 13 6
3 6 13
6 5 24
1 1 1
22 15 12
24 1 17
0 12 13
5 12 10
0 0 0
0 0 0
0 0 0
0 0 0
10 24 8
5 15 12
12 24 10
5 0 15
5 24 22
0 0 12
15 17 10
15 8 5
13 5 18
12 0 0
0 6 13
5 3 15
5 1 12
1 12 8
5 15 8
12 8 10
5 12 10
6 3 22
20 1 17
10 15 1
3 20 8
5 15 8
13 0 12
6 15 18
8 15 6
6 0 13
20 13 18
0 10 3
22 12 6
12 0 6
8 3 13
5 18 3
0 0 0
0 0 0
0 0 0
0 0 0
0 13 5
5 17 12
8 24 20
5 1 13
8 24 13
10 0 1
17 15 5
13 6 20
13 15 1
6 1 0
12 10 13
13 3 1
5 12 22
1 5 8
1 17 8
12 8 3
12 18 13
13 6 1
6 1 17
10 15 5
6 13 8
8 18 10
13 22 6
24 15 0
20 13 17
0 6 15
20 5 3
0 10 1
3 10 22
24 15 0
8 3 5
12 18 22
0 0 0
0 0 0
0 0 0
0 0 0
10 1 8
5 20 15
12 18 10
3 0 15
5 24 17
0 18 12
15 17 10
3 8 5
12 5 18
12 22 1
0 6 13
13 24 3
10 1 12
20 12 22
20 10 5
1 17 10
5 3 10
6 3 22
20 17 24
0 15 1
3 20 8
6 13 8
10 0 12
0 10 18
0 15 6
3 15 13
6 3 24
0 6 3
22 0 12
12 1 17
0 10 13
5 12 3
0 0 0
0 0 0
0 0 0
0 0 0
1 8 13
6 3 20
3 15 5
18 10 13
3 0 1
12 24 3
8 15 6
20 6 5
22 5 12
22 6 1
8 12 5
3 17 13
3 18 6
12 6 5
12 13 8
24 10 3
6 1 10
20 6 10
24 6 13
10 24 5
12 0 1
18 17 0
1 13 17
3 13 24
3 12 1
8 17 1
0 0 5
13 8 17
0 5 12
3 12 20
1 5 15
0 24 12
0 0 0
0 0 0
0 0 0
0 0 0
0 24 8
5 17 12
12 24 10
5 1 15
5 24 22
0 0 12
17 17 10
15 8 5
13 5 18
6 1 0
0 10 13
5 3 15
5 1 12
1 5 8
5 15 8
12 8 10
12 12 13
6 6 1
20 1 17
10 15 5
6 20 8
5 18 10
13 0 12
6 15 0
8 15 17
6 6 13
20 13 18
0 10 1
22 10 6
24 15 0
8 3 13
12 18 3
0 0 0
0 0 0
0 0 0
0 0 0
10 13 5
5 15 12
8 24 20
5 0 13
8 24 13
10 0 1
15 15 5
13 6 20
13 15 1
12 0 0
12 6 13
13 3 1
5 12 22
1 12 8
1 17 8
12 8 3
5 18 10
13 3 22
6 1 17
10 15 1
3 13 8
8 15 8
13 22 6
24 15 18
20 13 6
0 0 15
20 5 3
0 10 3
3 12 22
12 0 6
8 3 5
5 18 22
0 0 0
0 0 0
0 0 0
0 0 0
10 24 8
5 15 12
12 24 10
5 0 15
5 24 22
0 0 12
15 17 10
15 8 5
13 5 18
12 0 0
0 6 13
5 3 15
5 1 12
1 12 8
5 15 8
12 8 10
5 12 10
6 3 22
20 1 17
10 15 1
3 20 8
5 15 8
13 0 12
6 15 18
8 15 6
6 0 13
20 13 18
0 10 3
22 12 6
12 0 6
8 3 13
5 18 3
0 0 0
0 0 0
0 0 0
0 0 0
10 13 1
5 17 6
8 12 3
0 17 15
5 0 13
0 18 12
15 3 18
13 8 12
10 0 18
6 0 1
6 5 13
13 24 3
10 1 12
20 12 3
1 17 5
0 0 15
15 3 10
6 3 22
20 1 15
12 15 5
12 13 5
8 18 10
0 0 8
0 17 18
6 15 1
8 15 24
13 0 3
0 6 3
3 12 22
12 15 0
12 10 13
12 13 3
0 0 0
0 0 0
0 0 0
0 0 0
1 17 15
15 3 24
0 20 6
6 0 12
22 13 10
12 3 15
24 8 3
12 8 1
0 5 13
0 3 24
0 10 5
3 5 8
3 10 0
22 15 24
10 0 8
18 15 10
6 15 1
0 8 3
1 12 5
0 22 12
0 0 12
0 10 17
13 1 10
6 15 13
8 17 10
0 8 24
24 1 13
13 5 20
3 10 20
17 13 15
0 0 3
3 0 18
0 0 0
0 0 0
0 0 0
0 0 0
3 8 1
10 13 12
0 20 8
24 6 22
13 22 20
10 8 13
5 0 8
3 15 24
20 5 18
12 6 8
3 0 1
1 8 5
5 0 8
20 17 10
5 6 12
3 24 15
13 20 5
5 12 10
6 13 3
17 5 8
0 3 5
22 0 5
15 0 3
1 0 6
22 3 17
18 1 13
0 12 1
1 12 15
10 0 3
15 0 5
0 8 1
12 3 15
0 0 0
0 0 0
0 0 0
0 0 0
10 13 8
5 17 6
8 12 3
0 17 15
5 0 13
0 18 12
15 17 10
13 8 5
13 0 18
12 0 0
6 6 13
5 3 3
10 1 12
20 12 3
5 17 8
12 0 15
15 3 10
6 3 22
20 1 17
12 15 1
12 13 8
8 15 10
13 0 8
0 15 18
6 15 6
6 0 24
13 13 18
0 10 3
22 12 6
12 0 6
8 3 13
12 18 3
0 0 0
0 0 0
0 0 0
0 0 0
10 24 1
5 15 12
12 24 10
5 0 15
5 24 22
0 0 12
15 3 18
15 8 12
10 5 18
6 0 1
0 5 13
13 24 15
5 1 12
1 12 8
1 15 5
0 8 10
5 12 10
6 3 22
20 1 15
10 15 5
3 20 5
5 18 8
0 0 12
6 17 18
8 15 1
8 15 13
20 0 3
0 6 3
3 12 22
12 15 0
12 10 13
5 13 3
0 0 0
0 0 0
0 0 0
0 0 0
0 13 5
5 17 12
8 24 20
5 1 13
8 24 13
10 0 1
17 15 5
13 6 20
13 15 1
6 1 0
12 10 13
13 3 1
5 12 22
1 5 8
1 17 8
12 8 3
12 18 13
13 6 1
6 1 17
10 15 5
6 13 8
8 18 10
13 22 6
24 15 0
20 13 17
0 6 15
20 5 3
0 10 1
3 10 22
24 15 0
8 3 5
12 18 22
0 0 0
0 0 0
0 0 0
0 0 0
10 13 1
5 17 6
8 12 3
0 17 15
5 0 13
0 18 12
15 3 18
13 8 12
10 0 18
6 0 1
6 5 13
13 24 3
10 1 12
20 12 3
1 17 5
0 0 15
15 3 10
6 3 22
20 1 15
12 15 5
12 13 5
8 18 10
0 0 8
0 17 18
6 15 1
8 15 24
13 0 3
0 6 3
3 12 22
12 15 0
12 10 13
12 13 3
0 0 0
0 0 0
0 0 0
0 0 0
0 1 5
13 20 15
6 18 20
3 1 13
8 24 17
0 18 20
17 15 5
3 6 20
12 15 3
15 22 1
0 10 8
13 24 3
10 12 22
20 12 22
20 10 5
1 17 3
12 3 13
1 5 8
20 17 24
1 13 18
6 20 8
6 13 8
10 18 6
0 10 0
0 6 17
3 0 15
6 3 24
0 6 12
3 10 12
0 1 17
0 10 5
8 12 22
0 0 0
0 0 0
0 0 0
0 0 0
13 1 8
5 20 15
12 18 10
3 15 13
18 24 17
0 10 1
15 17 10
3 6 5
12 5 1
12 22 8
12 6 13
13 5 1
20 17 12
6 5 22
20 10 17
1 17 10
5 18 8
13 6 1
6 17 24
0 15 1
3 20 8
6 13 8
10 22 12
24 10 3
20 13 6
3 6 13
6 5 24
0 0 1
22 15 12
24 1 17
0 12 13
5 12 10
0 0 0
0 0 0
0 0 0
0 0 0
10 13 5
5 17 6
8 12 3
0 1 15
8 24 13
10 0 12
17 3 5
13 6 12
13 0 1
6 1 0
12 10 13
13 3 1
5 12 12
20 5 3
1 17 5
0 0 3
15 18 10
6 6 1
20 1 17
10 15 5
12 13 8
8 18 10
13 0 6
24 17 0
6 15 17
8 6 15
13 5 3
0 6 3
3 10 22
24 15 0
12 3 5
12 18 22
0 0 0
0 0 0
0 0 0
0 0 0
0 13 1
5 17 12
8 24 20
5 17 13
5 0 13
0 18 1
15 15 18
13 8 20
10 15 18
6 0 1
6 5 13
13 24 3
10 1 22
1 12 8
1 17 8
12 8 15
12 3 13
13 3 22
6 1 15
12 15 5
6 13 5
8 18 10
0 22 8
0 15 18
20 13 1
0 15 24
20 0 3
0 10 1
3 12 22
12 15 0
8 10 13
12 13 3
0 0 0
0 0 0
0 0 0
0 0 0
10 13 8
5 17 6
8 12 3
0 17 15
5 0 13
0 18 12
15 17 10
13 8 5
13 0 18
12 0 0
0 6 13
5 0 3
10 1 12
20 12 3
5 17 8
12 0 15
15 3 10
6 3 22
20 1 17
12 15 1
12 13 8
8 15 10
13 0 8
0 15 18
0 15 6
6 0 24
0 13 18
0 10 3
22 12 6
12 0 6
8 3 13
12 18 3
0 0 0
0 0 0
0 0 0
0 0 0
0 24 8
5 17 12
12 24 10
5 1 15
5 24 22
0 0 12
0 17 10
15 8 5
13 5 18
6 1 0
0 10 13
5 3 15
5 1 12
1 5 8
5 15 8
12 8 10
0 12 13
0 6 1
20 1 17
10 15 5
6 20 8
5 18 10
13 0 12
6 15 0
8 15 17
0 6 13
20 13 18
0 10 1
22 10 6
24 15 0
8 3 13
12 18 3
0 0 0
0 0 0
0 0 0
0 0 0
0 13 5
5 17 12
8 24 20
5 1 13
8 24 13
10 0 1
17 15 5
13 6 20
13 15 1
6 1 0
12 10 13
13 3 1
5 12 22
1 5 8
1 17 8
12 8 3
12 18 13
13 6 1
6 1 17
10 15 5
6 13 8
8 18 10
13 22 6
24 15 0
20 13 17
0 6 15
20 5 3
0 10 1
3 10 22
24 15 0
8 3 5
12 18 22
0 0 0
0 0 0
0 0 0
0 0 0
10 13 1
5 17 6
8 12 3
0 17 15
5 0 13
0 18 12
15 3 18
13 8 12
10 0 18
6 0 1
6 5 13
13 24 3
10 1 12
20 12 3
1 17 5
0 0 15
15 3 10
6 3 22
20 1 15
12 15 5
12 13 5
8 18 10
0 0 8
0 17 18
6 15 1
8 15 24
13 0 3
0 6 3
3 12 22
12 15 0
12 10 13
12 13 3
0 0 0
0 0 0
0 0 0
0 0 0
0 24 8
5 17 12
12 24 10
5 1 15
5 0 13
0 0 12
15 17 10
15 8 5
13 5 18
6 0 0
0 6 13
5 0 15
5 1 12
20 12 8
5 15 8
12 8 15
0 3 10
0 3 22
20 1 17
10 15 1
12 13 8
5 18 10
13 0 8
0 15 18
8 15 6
6 0 13
20 13 18
0 10 3
22 12 6
12 0 6
8 3 13
12 18 3
0 0 0
0 0 0
0 0 0
0 0 0
10 13 8
5 17 6
8 12 3
0 17 15
5 24 22
0 18 12
0 17 10
13 8 5
13 0 18
12 1 0
0 10 13
5 3 3
10 1 12
1 5 3
5 17 8
12 0 10
15 12 13
6 6 1
20 1 17
12 15 5
6 20 8
8 15 10
13 0 12
6 15 0
0 15 17
0 6 24
0 13 18
0 10 1
22 10 6
24 15 0
8 3 13
12 18 3
0 0 0
0 0 0
0 0 0
0 0 0
10 13 8
5 17 6
8 12 3
0 17 15
5 0 13
0 18 12
15 17 10
13 8 5
13 0 18
12 0 0
0 6 13
5 0 3
10 1 12
20 12 3
5 17 8
12 0 15
15 3 10
6 3 22
20 1 17
12 15 1
12 13 8
8 15 10
13 0 8
0 15 18
0 15 6
6 0 24
0 13 18
0 10 3
22 12 6
12 0 6
8 3 13
12 18 3
0 0 0
0 0 0
0 0 0
0 0 0
0 13 1
5 17 12
8 24 20
5 17 13
5 0 13
0 18 1
0 15 18
13 8 20
10 15 18
6 0 1
6 5 13
13 24 3
10 1 22
1 12 8
1 17 8
12 8 15
12 3 13
13 3 22
6 1 15
12 15 5
6 13 5
8 18 10
0 22 8
0 15 18
20 13 1
0 15 24
20 0 3
0 10 1
3 12 22
12 15 0
8 10 13
12 13 3
0 0 0
0 0 0
0 0 0
0 0 0
0 24 5
13 15 12
6 24 20
5 1 13
8 24 22
0 0 20
17 15 5
15 6 20
13 15 3
15 0 0
0 10 8
5 3 15
5 12 22
1 12 8
5 15 8
12 8 3
0 12 13
1 5 8
20 1 17
10 13 18
6 20 8
5 15 8
13 18 6
6 15 0
8 6 17
6 0 15
20 13 18
0 10 12
3 10 6
1 0 6
8 3 5
8 18 22
0 0 0
0 0 0
0 0 0
0 0 0
5 24 1
13 15 6
6 12 3
0 17 13
18 0 22
0 10 20
15 3 18
15 6 12
10 0 3
15 0 8
10 5 8
0 5 15
20 17 12
6 12 3
5 15 17
0 0 15
15 12 8
1 5 8
20 1 15
12 13 18
12 20 5
5 15 8
0 18 8
6 17 3
8 6 1
8 0 24
0 13 18
0 1 12
3 15 6
1 0 6
0 12 13
8 13 10
0 0 0
0 0 0
0 0 0
0 0 0
10 13 1
5 17 6
8 12 3
0 17 13
5 0 13
0 18 12
0 17 10
13 8 5
13 0 18
12 0 0
0 6 13
13 24 3
10 1 22
1 12 8
1 17 8
12 8 15
15 3 13
13 3 22
6 1 15
12 15 5
12 13 8
8 15 10
13 22 8
0 15 18
20 13 6
6 0 24
20 0 3
0 10 3
3 12 22
12 0 0
8 10 13
12 13 3
0 0 0
0 0 0
0 0 0
0 0 0
0 13 8
5 17 12
8 24 20
5 17 15
5 0 13
0 18 1
15 15 18
13 8 20
10 15 18
6 0 1
6 5 13
5 0 3
10 1 12
20 12 3
5 17 8
12 0 15
12 3 10
6 3 22
20 1 17
12 15 1
6 13 5
8 18 10
0 0 8
0 15 18
0 15 1
0 15 24
0 13 18
0 10 1
22 12 6
12 15 6
8 3 13
12 18 3
0 0 0
0 0 0
0 0 0
0 0 0
0 24 8
5 17 12
12 24 10
5 1 15
5 24 22
0 0 12
0 17 10
15 8 5
13 5 18
6 1 0
0 10 13
5 3 15
5 1 12
1 5 8
5 15 8
12 8 10
0 12 13
0 6 1
20 1 17
10 15 5
6 20 8
5 18 10
13 0 12
6 15 0
8 15 17
0 6 13
20 13 18
0 10 1
22 10 6
24 15 0
8 3 13
12 18 3
0 0 0
0 0 0
0 0 0
0 0 0
0 13 1
5 17 12
8 24 20
5 17 13
5 0 13
0 18 1
0 15 18
13 8 20
10 15 18
6 0 1
6 5 13
13 24 3
10 1 22
1 12 8
1 17 8
12 8 15
12 3 13
13 3 22
6 1 15
12 15 5
6 13 5
8 18 10
0 22 8
0 15 18
20 13 1
0 15 24
20 0 3
0 10 1
3 12 22
12 15 0
8 10 13
12 13 3
0 0 0
0 0 0
0 0 0
0 0 0
0 13 1
5 17 6
8 12 3
0 17 13
18 0 13
0 10 1
15 3 18
13 6 12
10 0 1
6 1 8
12 5 13
13 5 1
20 17 12
6 5 3
1 0 17
0 0 15
15 18 8
13 6 1
6 1 15
12 15 5
12 13 5
8 18 10
0 22 8
24 17 3
20 13 1
8 6 24
13 5 3
0 0 1
3 15 22
24 15 0
0 12 13
12 13 10
0 0 0
0 0 0
0 0 0
0 0 0
10 13 5
5 17 6
8 12 3
0 1 15
8 24 13
10 0 12
17 3 5
13 6 12
13 0 1
6 1 0
12 10 13
13 3 1
5 0 12
20 5 3
1 17 5
0 0 3
15 18 10
0 6 1
20 1 17
10 15 5
12 13 8
8 18 10
13 0 6
24 17 0
6 15 17
8 6 15
13 5 3
0 6 3
3 10 22
24 15 0
12 3 5
12 18 22
0 0 0
0 0 0
0 0 0
0 0 0
0 13 8
5 17 12
12 24 20
5 1 15
5 0 13
0 18 12
0 17 10
13 8 20
13 15 18
6 1 0
6 10 13
5 3 15
10 1 12
1 5 8
5 17 8
12 8 10
0 12 13
0 3 22
6 1 17
10 15 5
6 13 8
8 18 10
0 0 12
6 15 18
8 13 1
0 6 13
20 13 18
0 10 1
3 10 6
12 15 0
8 3 13
12 18 3
0 0 0
0 0 0
0 0 0
0 0 0
0 24 1
5 17 12
8 24 10
5 17 13
5 24 22
0 0 1
0 15 18
15 8 5
10 5 18
6 0 1
0 5 13
13 24 3
5 1 22
1 12 8
1 15 8
12 8 15
12 3 13
13 6 1
20 1 15
12 15 5
6 20 5
5 18 10
13 22 8
0 15 0
20 15 17
0 15 24
20 0 3
0 10 1
22 12 22
24 15 0
8 10 13
12 13 3
0 0 0
0 0 0
0 0 0
0 0 0
0 13 8
5 17 12
12 24 20
5 1 15
5 0 13
0 18 12
0 17 10
13 8 20
13 15 18
6 1 0
6 10 13
5 3 15
10 1 12
1 5 8
5 17 8
12 8 10
0 12 13
0 3 22
6 1 17
10 15 5
6 13 8
8 18 10
0 0 12
6 15 18
8 13 1
0 6 13
20 13 18
0 10 1
3 10 6
12 15 0
8 3 13
12 18 3
0 0 0
0 0 0
0 0 0
0 0 0
0 13 8
5 17 12
8 24 20
5 17 15
5 0 13
0 18 1
0 15 18
13 8 20
10 15 18
6 0 1
6 5 13
5 0 3
10 1 12
20 12 3
5 17 8
12 0 15
12 3 10
6 3 22
20 1 17
12 15 1
6 13 5
8 18 10
0 0 8
0 15 18
0 15 1
0 15 24
0 13 18
0 10 1
22 12 6
12 15 6
8 3 13
12 18 3
0 0 0
0 0 0
0 0 0
0 0 0
0 24 8
5 17 12
12 24 10
5 1 15
5 24 22
0 0 12
0 17 10
15 8 5
13 5 18
6 1 0
0 10 13
5 3 15
5 1 12
1 5 8
5 15 8
12 8 10
0 12 13
0 6 1
20 1 17
10 15 5
6 20 8
5 18 10
13 0 12
6 15 0
8 15 17
0 6 13
20 13 18
0 10 1
22 10 6
24 15 0
8 3 13
12 18 3
0 0 0
0 0 0
0 0 0
0 0 0
0 13 1
5 17 12
8 24 20
5 17 13
5 0 13
0 18 1
0 15 18
13 8 20
10 15 18
6 0 1
6 5 13
13 24 3
10 1 22
1 12 8
1 17 8
12 8 15
12 3 13
13 3 22
6 1 15
12 15 5
6 13 5
8 18 10
0 22 8
0 15 18
20 13 1
0 15 24
20 0 3
0 10 1
3 12 22
12 15 0
8 10 13
12 13 3
0 0 0
0 0 0
0 0 0
0 0 0
0 13 8
5 17 12
8 24 20
5 1 15
5 0 13
0 18 12
0 17 10
13 8 20
13 15 18
6 0 1
6 10 13
5 0 15
10 1 12
20 12 8
5 17 8
12 8 15
0 12 10
0 3 22
6 1 17
10 15 5
6 13 8
8 18 10
0 0 12
0 15 18
0 15 1
0 6 24
0 13 18
0 10 1
22 10 6
12 15 6
8 3 13
12 18 3
0 0 0
0 0 0
0 0 0
0 0 0
0 13 8
5 17 12
12 24 20
5 17 15
5 0 13
0 18 1
0 15 18
13 8 20
10 15 18
6 1 0
6 5 13
5 3 3
10 1 12
1 5 3
5 17 8
12 0 10
12 3 13
6 3 22
20 1 17
12 15 1
6 13 5
8 18 10
0 0 8
6 15 18
8 13 1
0 15 13
20 13 18
0 10 1
3 12 6
12 15 0
8 3 13
12 18 3
0 0 0
0 0 0
0 0 0
0 0 0
0 13 8
5 17 12
12 24 20
5 1 15
5 0 13
0 18 12
0 17 10
13 8 20
13 15 18
6 1 0
6 10 13
5 3 15
10 1 12
1 5 8
5 17 8
12 8 10
0 12 13
0 3 22
6 1 17
10 15 5
6 13 8
8 18 10
0 0 12
6 15 18
8 13 1
0 6 13
20 13 18
0 10 1
3 10 6
12 15 0
8 3 13
12 18 3
0 0 0
0 0 0
0 0 0
0 0 0
10 13 1
5 17 6
8 12 3
0 17 13
5 0 13
0 18 12
0 17 10
13 8 5
13 0 18
12 0 0
0 6 13
13 24 3
10 1 22
1 12 8
1 17 8
12 8 15
15 3 13
13 3 22
6 1 15
12 15 5
12 13 8
8 15 10
13 22 8
0 15 18
20 13 6
6 0 24
20 0 3
0 10 3
3 12 22
12 0 0
8 10 13
12 13 3
0 0 0
0 0 0
0 0 0
0 0 0
10 13 5
5 15 12
8 24 20
5 0 13
8 24 13
10 0 1
0 15 5
13 6 20
13 15 1
12 0 0
12 6 13
13 3 1
5 12 22
1 12 8
1 17 8
12 8 3
5 18 10
13 3 22
6 1 17
10 15 1
3 13 8
0 15 8
13 22 6
24 15 18
20 13 6
0 0 15
20 5 3
0 10 3
3 12 22
12 0 6
8 3 5
5 18 22
0 0 0
0 0 0
0 0 0
0 0 0
10 24 1
5 15 12
12 24 10
5 0 15
5 24 22
0 0 12
15 3 18
15 8 12
10 5 18
6 0 1
0 5 13
13 24 15
5 1 12
1 12 8
1 15 5
0 8 10
5 12 10
6 3 22
20 1 15
10 15 5
3 20 5
5 18 8
0 0 12
6 17 18
8 15 1
8 15 13
20 0 3
0 6 3
3 12 22
12 15 0
12 10 13
5 13 3
0 0 0
0 0 0
0 0 0
0 0 0
0 13 8
5 17 12
12 24 20
0 1 15
5 0 13
0 18 12
0 17 10
13 8 20
13 15 18
6 1 0
0 6 13
13 24 15
10 1 12
1 5 8
5 17 8
12 8 10
15 12 13
13 3 22
6 1 17
10 15 5
6 13 8
8 18 10
0 0 12
6 15 18
8 13 1
6 0 13
20 0 18
0 10 1
3 10 6
12 15 0
8 3 13
12 18 3
0 0 0
0 0 0
0 0 0
0 0 0
10 13 1
5 17 6
8 12 3
5 17 13
5 0 13
0 18 12
0 17 10
13 8 5
13 0 18
12 0 0
6 10 13
5 3 3
10 1 22
1 12 8
1 17 8
12 8 15
0 3 13
0 3 22
6 1 15
12 15 5
12 13 8
8 15 10
13 22 8
0 15 18
20 13 6
0 6 24
20 13 3
0 10 3
3 12 22
12 0 0
8 10 13
12 13 3
0 0 0
0 0 0
0 0 0
0 0 0
0 13 8
5 17 12
8 24 20
5 17 15
5 0 13
0 18 1
0 15 18
13 8 20
10 15 18
6 0 1
6 5 13
5 0 3
10 1 12
20 12 3
5 17 8
12 0 15
12 3 10
6 3 22
20 1 17
12 15 1
6 13 5
8 18 10
0 0 8
0 15 18
0 15 1
0 15 24
0 13 18
0 10 1
22 12 6
12 15 6
8 3 13
12 18 3
0 0 0
0 0 0
0 0 0
0 0 0
10 13 1
5 17 6
8 12 3
0 17 13
5 0 13
0 18 12
0 17 10
13 8 5
13 0 18
12 0 0
0 6 13
13 24 3
10 1 22
1 12 8
1 17 8
12 8 15
15 3 13
13 3 22
6 1 15
12 15 5
12 13 8
8 15 10
13 22 8
0 15 18
20 13 6
6 0 24
20 0 3
0 10 3
3 12 22
12 0 0
8 10 13
12 13 3
0 0 0
0 0 0
0 0 0
0 0 0
10 24 8
5 15 12
12 24 10
5 0 15
5 24 22
0 0 12
15 17 10
15 8 5
13 5 18
12 0 0
0 6 13
5 3 15
5 1 12
1 12 8
5 15 8
12 8 10
5 12 10
6 3 22
20 1 17
10 15 1
3 20 8
5 15 8
13 0 12
6 15 18
8 15 6
6 0 13
20 13 18
0 10 3
22 12 6
12 0 6
8 3 13
5 18 3
0 0 0
0 0 0
0 0 0
0 0 0
0 24 1
5 17 12
8 24 10
5 17 13
5 24 22
0 0 1
0 15 18
15 8 5
10 5 18
6 0 1
0 5 13
13 24 3
5 1 22
1 12 8
1 15 8
12 8 15
12 3 13
13 6 1
20 1 15
12 15 5
6 20 5
5 18 10
13 22 8
0 15 0
20 15 17
0 15 24
20 0 3
0 10 1
0 12 22
24 15 0
8 10 13
12 13 3
0 0 0
0 0 0
0 0 0
0 0 0
0 13 8
5 17 6
8 12 20
5 17 15
5 0 13
0 18 1
0 15 18
13 8 20
10 15 18
12 0 1
6 5 13
5 24 3
10 1 22
20 12 3
5 17 8
12 8 15
12 3 10
13 3 22
20 1 15
12 15 1
12 13 5
8 15 10
13 22 8
0 15 18
0 15 6
6 15 24
0 0 18
0 10 1
3 12 6
12 15 6
8 10 13
12 18 3
0 0 0
0 0 0
0 0 0
0 0 0
10 13 1
5 17 12
8 24 3
0 17 13
5 0 13
0 18 12
0 17 10
13 8 5
13 0 18
6 0 0
0 6 13
13 0 3
10 1 12
1 12 8
1 17 8
12 0 15
15 3 13
6 3 22
6 1 17
12 15 5
6 13 8
8 18 10
0 0 8
0 15 18
20 13 1
0 0 24
20 13 3
0 10 3
22 12 22
12 0 0
8 3 13
12 13 3
0 0 0
0 0 0
0 0 0
0 0 0
0 13 8
5 17 12
8 24 20
5 1 15
5 0 13
0 18 12
0 17 10
13 8 20
13 15 18
6 0 1
6 10 13
5 0 15
10 1 12
20 12 8
5 17 8
12 8 15
0 12 10
0 3 22
6 1 17
10 15 5
6 13 8
8 18 10
0 0 12
0 15 18
0 15 1
0 6 24
0 13 18
0 10 1
22 10 6
12 15 6
8 3 13
12 18 3
0 0 0
0 0 0
0 0 0
0 0 0
0 13 8
5 17 12
12 24 20
0 1 15
5 0 13
0 18 12
0 17 10
13 8 20
13 15 18
6 1 0
0 6 13
13 24 15
10 1 12
1 5 8
5 17 8
12 8 10
15 12 13
13 3 22
6 1 17
10 15 5
6 13 8
8 18 10
0 0 12
6 15 18
8 13 1
6 0 13
20 0 18
0 10 1
3 10 6
12 15 0
8 3 13
12 18 3
0 0 0
0 0 0
0 0 0
0 0 0
10 13 1
5 17 6
8 12 3
0 17 13
5 0 13
0 18 12
0 17 10
13 8 5
13 0 18
12 0 0
0 6 13
13 24 3
10 1 22
1 12 8
1 17 8
12 8 15
15 3 13
13 3 22
6 1 15
12 15 5
12 13 8
8 15 10
13 22 8
0 15 18
20 13 6
6 0 24
20 0 3
0 10 3
3 12 22
12 0 0
8 10 13
12 13 3
0 0 0
0 0 0
0 0 0
0 0 0
10 13 1
5 17 6
8 12 3
5 17 13
5 0 13
0 18 12
0 17 10
13 8 5
13 0 18
12 0 0
6 10 13
5 0 3
10 1 22
1 12 8
1 17 8
12 8 15
0 3 13
0 3 22
6 1 15
12 15 5
12 13 8
8 15 10
13 22 8
0 15 18
20 13 6
0 6 24
20 13 3
0 10 3
3 12 22
12 0 0
8 10 13
12 13 3
0 0 0
0 0 0
0 0 0
0 0 0
0 13 8
5 17 12
12 24 20
5 1 15
5 0 13
0 18 12
0 17 10
13 8 20
13 15 18
6 0 0
6 10 13
5 0 15
10 1 12
1 12 8
5 17 8
12 8 10
0 12 10
0 3 22
6 1 17
10 15 5
6 13 8
8 18 10
0 0 12
0 15 18
0 15 1
0 6 24
0 13 18
0 10 1
3 10 6
12 15 6
8 3 13
12 18 3
0 0 0
0 0 0
0 0 0
0 0 0
0 13 8
5 17 12
8 24 20
0 1 15
5 0 13
0 18 12
0 17 10
13 8 20
13 15 18
6 1 1
0 6 13
13 24 15
10 1 12
20 5 8
5 17 8
12 8 15
15 12 13
13 3 22
6 1 17
10 15 5
6 13 8
8 18 10
0 0 12
6 15 18
8 13 1
6 0 13
20 0 18
0 10 1
22 10 6
12 15 0
8 3 13
12 18 3
0 0 0
0 0 0
0 0 0
0 0 0
0 13 8
5 17 12
8 24 20
5 1 15
5 0 13
0 18 12
0 17 10
13 8 20
13 15 18
6 0 1
6 10 13
5 0 15
10 1 12
20 12 8
5 17 8
12 8 15
0 12 10
0 3 22
6 1 17
10 15 5
6 13 8
8 18 10
0 0 12
0 15 18
0 15 1
0 6 24
0 13 18
0 10 1
22 10 6
12 15 6
8 3 13
12 18 3
0 0 0
0 0 0
0 0 0
0 0 0
0 13 8
5 17 12
12 24 20
5 1 15
5 0 13
0 18 12
0 17 10
13 8 20
13 15 18
6 1 0
6 10 13
5 3 15
10 1 12
1 5 8
5 17 8
12 8 10
0 12 13
0 3 22
6 1 17
10 15 5
6 13 8
8 18 10
0 0 12
6 15 18
8 13 1
0 6 13
20 13 18
0 10 1
3 10 6
12 15 0
8 3 13
12 18 3
0 0 0
0 0 0
0 0 0
0 0 0
10 13 8
5 17 6
8 12 3
0 17 15
5 0 13
0 18 12
15 17 10
13 8 5
13 0 18
12 0 0
0 6 13
5 0 3
10 1 12
20 12 3
5 17 8
12 0 15
15 3 10
6 3 22
20 1 17
12 15 1
12 13 8
8 15 10
13 0 8
0 15 18
0 15 6
6 0 24
0 13 18
0 10 3
22 12 6
12 0 6
8 3 13
12 18 3
0 0 0
0 0 0
0 0 0
0 0 0
10 13 8
5 17 6
8 12 3
0 17 15
5 24 22
0 18 12
0 17 10
13 8 5
13 0 18
12 1 0
0 10 13
5 0 3
10 1 12
1 5 3
5 17 8
12 0 10
15 12 13
0 6 1
20 1 17
12 15 5
6 20 8
8 15 10
13 0 12
6 15 0
0 15 17
0 6 24
0 13 18
0 10 1
22 10 6
24 15 0
8 3 13
12 18 3
0 0 0
0 0 0
0 0 0
0 0 0
0 13 8
5 17 12
8 24 20
5 1 15
5 0 13
0 18 12
0 17 10
13 8 20
13 15 18
6 1 0
6 10 13
5 0 15
10 1 12
1 12 8
5 17 8
12 8 10
0 12 10
0 3 22
6 1 17
10 15 5
6 13 8
8 18 10
0 0 12
0 15 18
0 15 1
0 6 13
0 13 18
0 10 1
22 10 6
12 15 6
8 3 13
12 18 3
0 0 0
0 0 0
0 0 0
0 0 0
0 13 8
5 17 12
12 24 20
5 1 15
5 0 13
0 18 12
0 17 10
13 8 20
13 15 18
6 0 1
6 10 13
5 3 15
10 1 12
20 5 8
5 17 8
12 8 15
0 12 13
0 3 22
6 1 17
10 15 5
6 13 8
8 18 10
0 0 12
6 15 18
8 13 1
0 6 24
20 13 18
0 10 1
3 10 6
12 15 0
8 3 13
12 18 3
0 0 0
0 0 0
0 0 0
0 0 0
0 13 8
5 17 12
12 24 20
0 1 15
5 0 13
0 18 12
0 17 10
13 8 20
13 15 18
6 1 0
0 6 13
13 24 15
10 1 12
1 5 8
5 17 8
12 8 10
15 12 13
13 3 22
6 1 17
10 15 5
6 13 8
8 18 10
0 0 12
6 15 18
8 13 1
6 0 13
20 0 18
0 10 1
3 10 6
12 15 0
8 3 13
12 18 3
0 0 0
0 0 0
0 0 0
0 0 0
0 13 8
5 17 12
12 24 20
5 1 15
5 0 13
0 18 12
0 17 10
13 8 20
13 15 18
6 1 0
6 10 13
5 3 15
10 1 12
1 5 8
5 17 8
12 8 10
0 12 13
0 3 22
6 1 17
10 15 5
6 13 8
8 18 10
0 0 12
6 15 18
8 13 1
0 6 13
20 13 18
0 10 1
3 10 6
12 15 0
8 3 13
12 18 3
0 0 0
0 0 0
0 0 0
0 0 0
0 24 8
5 17 12
12 24 10
5 1 15
5 0 13
0 0 12
15 17 10
15 8 5
13 5 18
6 0 0
0 6 13
5 0 15
5 1 12
20 12 8
5 15 8
12 8 15
0 3 10
0 3 22
20 1 17
10 15 1
12 13 8
5 18 10
13 0 8
0 15 18
8 15 6
6 0 13
20 13 18
0 10 3
22 12 6
12 0 6
8 3 13
12 18 3
0 0 0
0 0 0
0 0 0
0 0 0
0 13 8
5 17 12
12 24 20
5 17 15
5 0 13
0 18 1
0 15 18
13 8 20
10 15 18
6 1 0
6 5 13
5 0 3
10 1 12
1 5 3
5 17 8
12 0 10
12 3 13
6 3 22
20 1 17
12 15 1
6 13 5
8 18 10
0 0 8
6 15 18
8 13 1
0 15 13
20 13 18
0 10 1
3 12 6
12 15 0
8 3 13
12 18 3
0 0 0
0 0 0
0 0 0
0 0 0
0 13 8
5 17 12
12 24 20
0 1 15
5 0 13
0 18 12
0 17 10
13 8 20
13 15 18
6 1 0
6 6 13
5 3 15
10 1 12
1 5 8
5 17 8
12 8 10
15 12 13
13 3 22
6 1 17
10 15 5
6 13 8
8 18 10
0 0 12
6 15 18
8 13 1
6 6 13
20 0 18
0 10 1
3 10 6
12 15 0
8 3 13
12 18 3
0 0 0
0 0 0
0 0 0
0 0 0
0 13 8
5 17 12
12 24 20
5 1 15
5 0 13
0 18 12
0 17 10
13 8 20
13 15 18
6 1 0
0 10 13
13 24 15
10 1 12
1 5 8
5 17 8
12 8 10
0 12 13
0 3 22
6 1 17
10 15 5
6 13 8
8 18 10
0 0 12
6 15 18
8 13 1
0 0 13
20 13 18
0 10 1
3 10 6
12 15 0
8 3 13
12 18 3
0 0 0
0 0 0
0 0 0
0 0 0
0 13 8
5 17 12
12 24 20
5 1 15
5 0 13
0 18 12
0 17 10
13 8 20
13 15 18
6 0 0
6 10 13
5 0 15
10 1 12
1 12 8
5 17 8
12 8 10
0 12 10
0 3 22
6 1 17
10 15 5
6 13 8
8 18 10
0 0 12
0 15 18
0 15 1
0 6 24
0 13 18
0 10 1
3 10 6
12 15 6
8 3 13
12 18 3
0 0 0
0 0 0
0 0 0
0 0 0
0 13 8
5 17 12
8 24 20
5 1 15
5 0 13
0 18 12
0 17 10
13 8 20
13 15 18
6 1 0
6 10 13
5 0 15
10 1 12
1 12 8
5 17 8
12 8 10
0 12 10
0 3 22
6 1 17
10 15 5
6 13 8
8 18 10
0 0 12
0 15 18
0 15 1
0 6 13
0 13 18
0 10 1
22 10 6
12 15 6
8 3 13
12 18 3
0 0 0
0 0 0
0 0 0
0 0 0
10 13 1
5 17 12
8 24 3
0 17 13
5 0 13
0 18 12
0 17 10
13 8 5
13 0 18
6 0 0
0 6 13
13 0 3
10 1 12
1 12 8
1 17 8
12 0 15
15 3 13
6 3 22
6 1 17
12 15 5
6 13 8
8 18 10
0 0 8
0 15 18
20 13 1
0 0 24
20 13 3
0 10 3
0 12 22
12 0 0
8 3 13
12 13 3
0 0 0
0 0 0
0 0 0
0 0 0
0 13 8
5 17 6
8 12 20
5 17 15
5 0 13
0 18 1
0 15 18
13 8 20
10 15 18
12 0 1
6 5 13
5 24 3
10 1 22
20 12 3
5 17 8
12 8 15
12 3 10
13 3 22
20 1 15
12 15 1
12 13 5
8 15 10
13 22 8
0 15 18
0 15 6
6 15 24
0 0 18
0 10 1
3 12 6
12 15 6
8 10 13
12 18 3
0 0 0
0 0 0
0 0 0
0 0 0
0 13 8
5 17 12
12 24 20
5 1 15
5 0 13
0 18 12
0 17 10
13 8 20
13 15 18
6 0 0
6 10 13
5 0 15
10 1 12
1 12 8
5 17 8
12 8 10
0 12 10
0 3 22
6 1 17
10 15 5
6 13 8
8 18 10
0 0 12
0 15 18
0 15 1
0 6 24
0 13 18
0 10 1
3 10 6
12 15 6
8 3 13
12 18 3
0 0 0
0 0 0
0 0 0
0 0 0
0 13 8
5 17 12
8 24 20
5 1 15
5 0 13
0 18 12
0 17 10
13 8 20
13 15 18
6 1 0
6 10 13
5 0 15
10 1 12
1 12 8
5 17 8
12 8 10
0 12 10
0 3 22
6 1 17
10 15 5
6 13 8
8 18 10
0 0 12
0 15 18
0 15 1
0 6 13
0 13 18
0 10 1
22 10 6
12 15 6
8 3 13
12 18 3
0 0 0
0 0 0
0 0 0
0 0 0
0 13 8
5 17 12
12 24 20
5 1 15
5 0 13
0 18 12
0 17 10
13 8 20
13 15 18
6 0 0
6 10 13
5 0 15
10 1 12
1 12 8
5 17 8
12 8 10
0 12 10
0 3 22
6 1 17
10 15 5
6 13 8
8 18 10
0 0 12
0 15 18
0 15 1
0 6 24
0 13 18
0 10 1
3 10 6
12 15 6
8 3 13
12 18 3
0 0 0
0 0 0
0 0 0
0 0 0
0 13 8
5 17 12
8 24 20
5 1 15
5 0 13
0 18 12
0 17 10
13 8 20
13 15 18
6 0 1
6 10 13
5 0 15
10 1 12
20 12 8
5 17 8
12 8 15
0 12 10
0 3 22
6 1 17
10 15 5
6 13 8
8 18 10
0 0 12
0 15 18
0 15 1
0 6 24
0 13 18
0 10 1
22 10 6
12 15 6
8 3 13
12 18 3
0 0 0
0 0 0
0 0 0
0 0 0
0 13 8
5 17 12
8 24 20
5 17 15
5 0 13
0 18 1
0 15 18
13 8 20
10 15 18
6 0 1
6 5 13
5 0 3
10 1 12
20 12 3
5 17 8
12 0 15
12 3 10
6 3 22
20 1 17
12 15 1
6 13 5
8 18 10
0 0 8
0 15 18
0 15 1
0 15 24
0 13 18
0 10 1
22 12 6
12 15 6
8 3 13
12 18 3
0 0 0
0 0 0
0 0 0
0 0 0
0 13 8
5 17 12
12 24 20
0 1 15
5 0 13
0 18 12
0 17 10
13 8 20
13 15 18
6 1 0
0 6 13
5 3 15
10 1 12
1 5 8
5 17 8
12 8 10
15 12 13
13 3 22
6 1 17
10 15 5
6 13 8
8 18 10
0 0 12
6 15 18
8 13 1
0 6 13
20 0 18
0 10 1
3 10 6
12 15 0
8 3 13
12 18 3
0 0 0
0 0 0
0 0 0
0 0 0
0 13 8
5 17 12
12 24 20
5 1 15
5 0 13
0 18 12
0 17 10
13 8 20
13 15 18
6 0 0
6 10 13
5 0 15
10 1 12
1 12 8
5 17 8
12 8 10
0 12 10
0 3 22
6 1 17
10 15 5
6 13 8
8 18 10
0 0 12
0 15 18
0 15 1
0 6 24
0 13 18
0 10 1
3 10 6
12 15 6
8 3 13
12 18 3
0 0 0
0 0 0
0 0 0
0 0 0
0 13 8
5 17 12
8 24 20
5 1 15
5 0 13
0 18 12
0 17 10
13 8 20
13 15 18
6 0 1
6 10 13
5 0 15
10 1 12
20 12 8
5 17 8
12 8 15
0 12 10
0 3 22
6 1 17
10 15 5
6 13 8
8 18 10
0 0 12
0 15 18
0 15 1
0 6 24
0 13 18
0 10 1
22 10 6
12 15 6
8 3 13
12 18 3
0 0 0
0 0 0
0 0 0
0 0 0
0 13 8
5 17 12
8 24 20
5 1 15
5 0 13
0 18 12
0 17 10
13 8 20
13 15 18
6 1 0
6 10 13
5 0 15
10 1 12
1 12 8
5 17 8
12 8 10
0 12 10
0 3 22
6 1 17
10 15 5
6 13 8
8 18 10
0 0 12
0 15 18
0 15 1
0 6 13
0 13 18
0 10 1
22 10 6
12 15 6
8 3 13
12 18 3
0 0 0
0 0 0
0 0 0
0 0 0
0 13 8
5 17 12
8 24 20
5 1 15
5 0 13
0 18 12
0 17 10
13 8 20
13 15 18
6 0 1
6 10 13
5 0 15
10 1 12
20 12 8
5 17 8
12 8 15
0 12 10
0 3 22
6 1 17
10 15 5
6 13 8
8 18 10
0 0 12
0 15 18
0 15 1
0 6 24
0 13 18
0 10 1
22 10 6
12 15 6
8 3 13
12 18 3
0 0 0
0 0 0
0 0 0
0 0 0
0 13 8
5 17 12
12 24 20
5 1 15
5 0 13
0 18 12
0 17 10
13 8 20
13 15 18
6 0 1
6 10 13
5 3 15
10 1 12
20 5 8
5 17 8
12 8 15
0 12 13
0 3 22
6 1 17
10 15 5
6 13 8
8 18 10
0 0 12
6 15 18
8 13 1
0 6 24
20 13 18
0 10 1
3 10 6
12 15 0
8 3 13
12 18 3
0 0 0
0 0 0
0 0 0
0 0 0
0 13 8
5 17 12
8 24 20
0 1 15
5 0 13
0 18 12
0 17 10
13 8 20
13 15 18
6 0 1
0 6 13
13 24 15
10 1 12
20 5 8
5 17 8
12 8 15
15 12 13
13 3 22
6 1 17
10 15 5
6 13 8
8 18 10
0 0 12
6 15 18
8 13 1
6 0 13
20 0 18
0 10 1
22 10 6
12 15 0
8 3 13
12 18 3
0 0 0
0 0 0
0 0 0
0 0 0
0 13 8
5 17 12
8 24 20
5 1 15
5 0 13
0 18 12
0 17 10
13 8 20
13 15 18
6 1 0
6 10 13
5 0 15
10 1 12
1 12 8
5 17 8
12 8 10
0 12 10
0 3 22
6 1 17
10 15 5
6 13 8
8 18 10
0 0 12
0 15 18
0 15 1
0 6 13
0 13 18
0 10 1
22 10 6
12 15 6
8 3 13
12 18 3
0 0 0
0 0 0
0 0 0
0 0 0
0 13 8
5 17 12
8 24 20
5 1 15
5 0 13
0 18 12
0 17 10
13 8 20
13 15 18
6 0 1
6 10 13
5 0 15
10 1 12
20 12 8
5 17 8
12 8 15
0 12 10
0 3 22
6 1 17
10 15 5
6 13 8
8 18 10
0 0 12
0 15 18
0 15 1
0 6 24
0 13 18
0 10 1
22 10 6
12 15 6
8 3 13
12 18 3
0 0 0
0 0 0
0 0 0
0 0 0
0 13 8
5 17 12
12 24 20
5 1 15
5 0 13
0 18 12
0 17 10
13 8 20
13 15 18
6 0 0
6 10 13
5 0 15
10 1 12
1 12 8
5 17 8
12 8 10
0 12 10
0 3 22
6 1 17
10 15 5
6 13 8
8 18 10
0 0 12
0 15 18
0 15 1
0 6 24
0 13 18
0 10 1
3 10 6
12 15 6
8 3 13
12 18 3
0 0 0
0 0 0
0 0 0
0 0 0
0 13 8
5 17 12
12 24 20
5 1 15
5 0 13
0 18 12
0 17 10
13 8 20
13 15 18
6 0 0
6 10 13
5 0 15
10 1 12
1 12 8
5 17 8
12 8 10
0 12 10
0 3 22
6 1 17
10 15 5
6 13 8
8 18 10
0 0 12
0 15 18
0 15 1
0 6 24
0 13 18
0 10 1
3 10 6
12 15 6
8 3 13
12 18 3
0 0 0
0 0 0
0 0 0
0 0 0
0 13 8
5 17 12
8 24 20
5 1 15
5 0 13
0 18 12
0 17 10
13 8 20
13 15 18
6 0 1
6 10 13
5 0 15
10 1 12
20 12 8
5 17 8
12 8 15
0 12 10
0 3 22
6 1 17
10 15 5
6 13 8
8 18 10
0 0 12
0 15 18
0 15 1
0 6 24
0 13 18
0 10 1
22 10 6
12 15 6
8 3 13
12 18 3
0 0 0
0 0 0
0 0 0
0 0 0
0 13 8
5 17 12
8 24 20
5 1 15
5 0 13
0 18 12
0 17 10
13 8 20
13 15 18
6 0 1
6 10 13
5 0 15
10 1 12
20 12 8
5 17 8
12 8 15
0 12 10
0 3 22
6 1 17
10 15 5
6 13 8
8 18 10
0 0 12
0 15 18
0 15 1
0 6 24
0 13 18
0 10 1
22 10 6
12 15 6
8 3 13
12 18 3
0 0 0
0 0 0
0 0 0
0 0 0
0 13 8
5 17 12
12 24 20
5 1 15
5 0 13
0 18 12
0 17 10
13 8 20
13 15 18
6 0 0
6 10 13
5 0 15
10 1 12
1 12 8
5 17 8
12 8 10
0 12 10
0 3 22
6 1 17
10 15 5
6 13 8
8 18 10
0 0 12
0 15 18
0 15 1
0 6 24
0 13 18
0 10 1
3 10 6
12 15 6
8 3 13
12 18 3
0 0 0
0 0 0
0 0 0
0 0 0
0 13 8
5 17 12
12 24 20
5 1 15
5 0 13
0 18 12
0 17 10
13 8 20
13 15 18
6 0 0
6 10 13
5 0 15
10 1 12
1 12 8
5 17 8
12 8 10
0 12 10
0 3 22
6 1 17
10 15 5
6 13 8
8 18 10
0 0 12
0 15 18
0 15 1
0 6 24
0 13 18
0 10 1
3 10 6
12 15 6
8 3 13
12 18 3
0 0 0
0 0 0
0 0 0
0 0 0
0 13 8
5 17 12
12 24 20
5 1 15
5 0 13
0 18 12
0 17 10
13 8 20
13 15 18
6 0 0
6 10 13
5 0 15
10 1 12
1 12 8
5 17 8
12 8 10
0 12 10
0 3 22
6 1 17
10 15 5
6 13 8
8 18 10
0 0 12
0 15 18
0 15 1
0 6 24
0 13 18
0 10 1
3 10 6
12 15 6
8 3 13
12 18 3
0 0 0
0 0 0
0 0 0
0 0 0
0 13 8
5 17 12
12 24 20
5 1 15
5 0 13
0 18 12
0 17 10
13 8 20
13 15 18
6 0 0
6 10 13
5 0 15
10 1 12
1 12 8
5 17 8
12 8 10
0 12 10
0 3 22
6 1 17
10 15 5
6 13 8
8 18 10
0 0 12
0 15 18
0 15 1
0 6 24
0 13 18
0 10 1
3 10 6
12 15 6
8 3 13
12 18 3
0 0 0
0 0 0
0 0 0
0 0 0
0 13 8
5 17 12
8 24 20
5 1 15
5 0 13
0 18 12
0 17 10
13 8 20
13 15 18
6 0 1
6 10 13
5 0 15
10 1 12
20 12 8
5 17 8
12 8 15
0 12 10
0 3 22
6 1 17
10 15 5
6 13 8
8 18 10
0 0 12
0 15 18
0 15 1
0 6 24
0 13 18
0 10 1
22 10 6
12 15 6
8 3 13
12 18 3
0 0 0
0 0 0
0 0 0
0 0 0
0 13 8
5 17 12
12 24 20
5 1 15
5 0 13
0 18 12
0 17 10
13 8 20
13 15 18
6 1 0
0 10 13
13 24 15
10 1 12
1 5 8
5 17 8
12 8 10
0 12 13
0 3 22
6 1 17
10 15 5
6 13 8
8 18 10
0 0 12
6 15 18
8 13 1
0 0 13
20 13 18
0 10 1
3 10 6
12 15 0
8 3 13
12 18 3
0 0 0
0 0 0
0 0 0
0 0 0
0 13 8
5 17 12
12 24 20
5 1 15
5 0 13
0 18 12
0 17 10
13 8 20
13 15 18
6 0 0
6 10 13
5 0 15
10 1 12
1 12 8
5 17 8
12 8 10
0 12 10
0 3 22
6 1 17
10 15 5
6 13 8
8 18 10
0 0 12
0 15 18
0 15 1
0 6 24
0 13 18
0 10 1
3 10 6
12 15 6
8 3 13
12 18 3
0 0 0
0 0 0
0 0 0
0 0 0
0 13 8
5 17 12
12 24 20
5 1 15
5 0 13
0 18 12
0 17 10
13 8 20
13 15 18
6 0 0
6 10 13
5 0 15
10 1 12
1 12 8
5 17 8
12 8 10
0 12 10
0 3 22
6 1 17
10 15 5
6 13 8
8 18 10
0 0 12
0 15 18
0 15 1
0 6 24
0 13 18
0 10 1
3 10 6
12 15 6
8 3 13
12 18 3
0 0 0
0 0 0
0 0 0
0 0 0
0 13 8
5 17 12
12 24 20
5 1 15
5 0 13
0 18 12
0 17 10
13 8 20
13 15 18
6 0 0
6 10 13
5 0 15
10 1 12
1 12 8
5 17 8
12 8 10
0 12 10
0 3 22
6 1 17
10 15 5
6 13 8
8 18 10
0 0 12
0 15 18
0 15 1
0 6 24
0 13 18
0 10 1
3 10 6
12 15 6
8 3 13
12 18 3
0 0 0
0 0 0
0 0 0
0 0 0
0 13 8
5 17 12
12 24 20
5 1 15
5 0 13
0 18 12
0 17 10
13 8 20
13 15 18
6 0 0
6 10 13
5 0 15
10 1 12
1 12 8
5 17 8
12 8 10
0 12 10
0 3 22
6 1 17
10 15 5
6 13 8
8 18 10
0 0 12
0 15 18
0 15 1
0 6 24
0 13 18
0 10 1
3 10 6
12 15 6
8 3 13
12 18 3
0 0 0
0 0 0
0 0 0
0 0 0
0 13 8
5 17 12
12 24 20
0 1 15
5 0 13
0 18 12
0 17 10
13 8 20
13 15 18
6 1 0
0 6 13
13 24 15
10 1 12
1 5 8
5 17 8
12 8 10
15 12 13
13 3 22
6 1 17
10 15 5
6 13 8
8 18 10
0 0 12
6 15 18
8 13 1
6 0 13
20 0 18
0 10 1
3 10 6
12 15 0
8 3 13
12 18 3
0 0 0
0 0 0
0 0 0
0 0 0
0 13 8
5 17 12
12 24 20
5 1 15
5 0 13
0 18 12
0 17 10
13 8 20
13 15 18
6 1 0
6 10 13
5 3 15
10 1 12
1 5 8
5 17 8
12 8 10
0 12 13
0 3 22
6 1 17
10 15 5
6 13 8
8 18 10
0 0 12
6 15 18
8 13 1
0 6 13
20 13 18
0 10 1
3 10 6
12 15 0
8 3 13
12 18 3
0 0 0
0 0 0
0 0 0
0 0 0
0 13 8
5 17 12
12 24 20
5 1 15
5 0 13
0 18 12
0 17 10
13 8 20
13 15 18
6 0 0
6 10 13
5 0 15
10 1 12
1 12 8
5 17 8
12 8 10
0 12 10
0 3 22
6 1 17
10 15 5
6 13 8
8 18 10
0 0 12
0 15 18
0 15 1
0 6 24
0 13 18
0 10 1
3 10 6
12 15 6
8 3 13
12 18 3
0 0 0
0 0 0
0 0 0
0 0 0
0 13 8
5 17 12
12 24 20
5 1 15
5 0 13
0 18 12
0 17 10
13 8 20
13 15 18
6 0 0
6 10 13
5 0 15
10 1 12
1 12 8
5 17 8
12 8 10
0 12 10
0 3 22
6 1 17
10 15 5
6 13 8
8 18 10
0 0 12
0 15 18
0 15 1
0 6 24
0 13 18
0 10 1
3 10 6
12 15 6
8 3 13
12 18 3
0 0 0
0 0 0
0 0 0
0 0 0
0 13 8
5 17 12
12 24 20
5 1 15
5 0 13
0 18 12
0 17 10
13 8 20
13 15 18
6 0 0
6 10 13
5 0 15
10 1 12
1 12 8
5 17 8
12 8 10
0 12 10
0 3 22
6 1 17
10 15 5
6 13 8
8 18 10
0 0 12
0 15 18
0 15 1
0 6 24
0 13 18
0 10 1
3 10 6
12 15 6
8 3 13
12 18 3
0 0 0
0 0 0
0 0 0
0 0 0
0 13 8
5 17 12
12 24 20
5 1 15
5 0 13
0 18 12
0 17 10
13 8 20
13 15 18
6 0 0
6 10 13
5 0 15
10 1 12
1 12 8
5 17 8
12 8 10
0 12 10
0 3 22
6 1 17
10 15 5
6 13 8
8 18 10
0 0 12
0 15 18
0 15 1
0 6 24
0 13 18
0 10 1
3 10 6
12 15 6
8 3 13
12 18 3
0 0 0
0 0 0
0 0 0
0 0 0
0 13 8
5 17 12
12 24 20
5 1 15
5 0 13
0 18 12
0 17 10
13 8 20
13 15 18
6 0 0
6 10 13
5 0 15
10 1 12
1 12 8
5 17 8
12 8 10
0 12 10
0 3 22
6 1 17
10 15 5
6 13 8
8 18 10
0 0 12
0 15 18
0 15 1
0 6 24
0 13 18
0 10 1
3 10 6
12 15 6
8 3 13
12 18 3
0 0 0
0 0 0
0 0 0
0 0 0
0 13 8
5 17 12
12 24 20
5 1 15
5 0 13
0 18 12
0 17 10
13 8 20
13 15 18
6 0 0
6 10 13
5 0 15
10 1 12
1 12 8
5 17 8
12 8 10
0 12 10
0 3 22
6 1 17
10 15 5
6 13 8
8 18 10
0 0 12
0 15 18
0 15 1
0 6 24
0 13 18
0 10 1
3 10 6
12 15 6
8 3 13
12 18 3
0 0 0
0 0 0
0 0 0
0 0 0
0 13 8
5 17 12
12 24 20
5 1 15
5 0 13
0 18 12
0 17 10
13 8 20
13 15 18
6 0 0
6 10 13
5 0 15
10 1 12
1 12 8
5 17 8
12 8 10
0 12 10
0 3 22
6 1 17
10 15 5
6 13 8
8 18 10
0 0 12
0 15 18
0 15 1
0 6 24
0 13 18
0 10 1
3 10 6
12 15 6
8 3 13
12 18 3
0 0 0
0 0 0
0 0 0
0 0 0
0 13 8
5 17 12
12 24 20
5 1 15
5 0 13
0 18 12
0 17 10
13 8 20
13 15 18
6 0 0
6 10 13
5 0 15
10 1 12
1 12 8
5 17 8
12 8 10
0 12 10
0 3 22
6 1 17
10 15 5
6 13 8
8 18 10
0 0 12
0 15 18
0 15 1
0 6 24
0 13 18
0 10 1
3 10 6
12 15 6
8 3 13
12 18 3
0 0 0
0 0 0
0 0 0
0 0 0
0 13 8
5 17 12
12 24 20
5 1 15
5 0 13
0 18 12
0 17 10
13 8 20
13 15 18
6 0 0
6 10 13
5 0 15
10 1 12
1 12 8
5 17 8
12 8 10
0 12 10
0 3 22
6 1 17
10 15 5
6 13 8
8 18 10
0 0 12
0 15 18
0 15 1
0 6 24
0 13 18
0 10 1
3 10 6
12 15 6
8 3 13
12 18 3
0 0 0
0 0 0
0 0 0
0 0 0
0 13 8
5 17 12
12 24 20
5 1 15
5 0 13
0 18 12
0 17 10
13 8 20
13 15 18
6 0 0
6 10 13
5 0 15
10 1 12
1 12 8
5 17 8
12 8 10
0 12 10
0 3 22
6 1 17
10 15 5
6 13 8
8 18 10
0 0 12
0 15 18
0 15 1
0 6 24
0 13 18
0 10 1
3 10 6
12 15 6
8 3 13
12 18 3
0 0 0
0 0 0
0 0 0
0 0 0
0 13 8
5 17 12
12 24 20
5 1 15
5 0 13
0 18 12
0 17 10
13 8 20
13 15 18
6 0 0
6 10 13
5 0 15
10 1 12
1 12 8
5 17 8
12 8 10
0 12 10
0 3 22
6 1 17
10 15 5
6 13 8
8 18 10
0 0 12
0 15 18
0 15 1
0 6 24
0 13 18
0 10 1
3 10 6
12 15 6
8 3 13
12 18 3
0 0 0
0 0 0
0 0 0
0 0 0
0 13 8
5 17 12
8 24 20
5 1 15
5 0 13
0 18 12
0 17 10
13 8 20
13 15 18
6 1 0
6 10 13
5 0 15
10 1 12
1 12 8
5 17 8
12 8 10
0 12 10
0 3 22
6 1 17
10 15 5
6 13 8
8 18 10
0 0 12
0 15 18
0 15 1
0 6 13
0 13 18
0 10 1
22 10 6
12 15 6
8 3 13
12 18 3
0 0 0
0 0 0
0 0 0
0 0 0
0 13 8
5 17 12
12 24 20
5 1 15
5 0 13
0 18 12
0 17 10
13 8 20
13 15 18
6 0 0
6 10 13
5 0 15
10 1 12
1 12 8
5 17 8
12 8 10
0 12 10
0 3 22
6 1 17
10 15 5
6 13 8
8 18 10
0 0 12
0 15 18
0 15 1
0 6 24
0 13 18
0 10 1
3 10 6
12 15 6
8 3 13
12 18 3
0 0 0
0 0 0
0 0 0
0 0 0
0 13 8
5 17 12
12 24 20
5 1 15
5 0 13
0 18 12
0 17 10
13 8 20
13 15 18
6 0 0
6 10 13
5 0 15
10 1 12
1 12 8
5 17 8
12 8 10
0 12 10
0 3 22
6 1 17
10 15 5
6 13 8
8 18 10
0 0 12
0 15 18
0 15 1
0 6 24
0 13 18
0 10 1
3 10 6
12 15 6
8 3 13
12 18 3
0 0 0
0 0 0
0 0 0
0 0 0
0 13 8
5 17 12
12 24 20
5 1 15
5 0 13
0 18 12
0 17 10
13 8 20
13 15 18
6 0 0
6 10 13
5 0 15
10 1 12
1 12 8
5 17 8
12 8 10
0 12 10
0 3 22
6 1 17
10 15 5
6 13 8
8 18 10
0 0 12
0 15 18
0 15 1
0 6 24
0 13 18
0 10 1
3 10 6
12 15 6
8 3 13
12 18 3
0 0 0
0 0 0
0 0 0
0 0 0
0 13 8
5 17 12
12 24 20
5 1 15
5 0 13
0 18 12
0 17 10
13 8 20
13 15 18
6 0 0
6 10 13
5 0 15
10 1 12
1 12 8
5 17 8
12 8 10
0 12 10
0 3 22
6 1 17
10 15 5
6 13 8
8 18 10
0 0 12
0 15 18
0 15 1
0 6 24
0 13 18
0 10 1
3 10 6
12 15 6
8 3 13
12 18 3
0 0 0
0 0 0
0 0 0
0 0 0
0 13 8
5 17 12
8 24 20
5 1 15
5 0 13
0 18 12
0 17 10
13 8 20
13 15 18
6 1 0
6 10 13
5 0 15
10 1 12
1 12 8
5 17 8
12 8 10
0 12 10
0 3 22
6 1 17
10 15 5
6 13 8
8 18 10
0 0 12
0 15 18
0 15 1
0 6 13
0 13 18
0 10 1
22 10 6
12 15 6
8 3 13
12 18 3
0 0 0
0 0 0
0 0 0
0 0 0
0 13 8
5 17 12
8 24 20
5 1 15
5 0 13
0 18 12
0 17 10
13 8 20
13 15 18
6 1 0
6 10 13
5 0 15
10 1 12
1 12 8
5 17 8
12 8 10
0 12 10
0 3 22
6 1 17
10 15 5
6 13 8
8 18 10
0 0 12
0 15 18
0 15 1
0 6 13
0 13 18
0 10 1
22 10 6
12 15 6
8 3 13
12 18 3
0 0 0
0 0 0
0 0 0
0 0 0
0 13 8
5 17 12
12 24 20
5 1 15
5 0 13
0 18 12
0 17 10
13 8 20
13 15 18
6 0 0
6 10 13
5 0 15
10 1 12
1 12 8
5 17 8
12 8 10
0 12 10
0 3 22
6 1 17
10 15 5
6 13 8
8 18 10
0 0 12
0 15 18
0 15 1
0 6 24
0 13 18
0 10 1
3 10 6
12 15 6
8 3 13
12 18 3
0 0 0
0 0 0
0 0 0
0 0 0
0 13 8
5 17 12
12 24 20
5 1 15
5 0 13
0 18 12
0 17 10
13 8 20
13 15 18
6 0 0
6 10 13
5 0 15
10 1 12
1 12 8
5 17 8
12 8 10
0 12 10
0 3 22
6 1 17
10 15 5
6 13 8
8 18 10
0 0 12
0 15 18
0 15 1
0 6 24
0 13 18
0 10 1
3 10 6
12 15 6
8 3 13
12 18 3
0 0 0
0 0 0
0 0 0
0 0 0
0 13 8
5 17 12
12 24 20
5 1 15
5 0 13
0 18 12
0 17 10
13 8 20
13 15 18
6 0 0
6 10 13
5 0 15
10 1 12
1 12 8
5 17 8
12 8 10
0 12 10
0 3 22
6 1 17
10 15 5
6 13 8
8 18 10
0 0 12
0 15 18
0 15 1
0 6 24
0 13 18
0 10 1
3 10 6
12 15 6
8 3 13
12 18 3
0 0 0
0 0 0
0 0 0
0 0 0
0 13 8
5 17 12
12 24 20
5 1 15
5 0 13
0 18 12
0 17 10
13 8 20
13 15 18
6 0 0
6 10 13
5 0 15
10 1 12
1 12 8
5 17 8
12 8 10
0 12 10
0 3 22
6 1 17
10 15 5
6 13 8
8 18 10
0 0 12
0 15 18
0 15 1
0 6 24
0 13 18
0 10 1
3 10 6
12 15 6
8 3 13
12 18 3
0 0 0
0 0 0
0 0 0
0 0 0
0 13 8
5 17 12
12 24 20
5 1 15
5 0 13
0 18 12
0 17 10
13 8 20
13 15 18
6 0 0
6 10 13
5 0 15
10 1 12
1 12 8
5 17 8
12 8 10
0 12 10
0 3 22
6 1 17
10 15 5
6 13 8
8 18 10
0 0 12
0 15 18
0 15 1
0 6 24
0 13 18
0 10 1
3 10 6
12 15 6
8 3 13
12 18 3
0 0 0
0 0 0
0 0 0
0 0 0
0 13 8
5 17 12
12 24 20
5 1 15
5 0 13
0 18 12
0 17 10
13 8 20
13 15 18
6 0 0
6 10 13
5 0 15
10 1 12
1 12 8
5 17 8
12 8 10
0 12 10
0 3 22
6 1 17
10 15 5
6 13 8
8 18 10
0 0 12
0 15 18
0 15 1
0 6 24
0 13 18
0 10 1
3 10 6
12 15 6
8 3 13
12 18 3
0 0 0
0 0 0
0 0 0
0 0 0
0 13 8
5 17 12
12 24 20
5 1 15
5 0 13
0 18 12
0 17 10
13 8 20
13 15 18
6 0 0
6 10 13
5 0 15
10 1 12
1 12 8
5 17 8
12 8 10
0 12 10
0 3 22
6 1 17
10 15 5
6 13 8
8 18 10
0 0 12
0 15 18
0 15 1
0 6 24
0 13 18
0 10 1
3 10 6
12 15 6
8 3 13
12 18 3
0 0 0
0 0 0
0 0 0
0 0 0
0 13 8
5 17 12
12 24 20
5 1 15
5 0 13
0 18 12
0 17 10
13 8 20
13 15 18
6 0 0
6 10 13
5 0 15
10 1 12
1 12 8
5 17 8
12 8 10
0 12 10
0 3 22
6 1 17
10 15 5
6 13 8
8 18 10
0 0 12
0 15 18
0 15 1
0 6 24
0 13 18
0 10 1
3 10 6
12 15 6
8 3 13
12 18 3
0 0 0
0 0 0
0 0 0
0 0 0
0 13 8
5 17 12
12 24 20
5 1 15
5 0 13
0 18 12
0 17 10
13 8 20
13 15 18
6 0 0
6 10 13
5 0 15
10 1 12
1 12 8
5 17 8
12 8 10
0 12 10
0 3 22
6 1 17
10 15 5
6 13 8
8 18 10
0 0 12
0 15 18
0 15 1
0 6 24
0 13 18
0 10 1
3 10 6
12 15 6
8 3 13
12 18 3
0 0 0
0 0 0
0 0 0
0 0 0
0 13 8
5 17 12
12 24 20
5 1 15
5 0 13
0 18 12
0 17 10
13 8 20
13 15 18
6 0 0
6 10 13
5 0 15
10 1 12
1 12 8
5 17 8
12 8 10
0 12 10
0 3 22
6 1 17
10 15 5
6 13 8
8 18 10
0 0 12
0 15 18
0 15 1
0 6 24
0 13 18
0 10 1
3 10 6
12 15 6
8 3 13
12 18 3
0 0 0
0 0 0
0 0 0
0 0 0
0 13 8
5 17 12
12 24 20
5 1 15
5 0 13
0 18 12
0 17 10
13 8 20
13 15 18
6 0 0
6 10 13
5 0 15
10 1 12
1 12 8
5 17 8
12 8 10
0 12 10
0 3 22
6 1 17
10 15 5
6 13 8
8 18 10
0 0 12
0 15 18
0 15 1
0 6 24
0 13 18
0 10 1
3 10 6
12 15 6
8 3 13
12 18 3
0 0 0
0 0 0
0 0 0
0 0 0
0 13 8
5 17 12
12 24 20
5 1 15
5 0 13
0 18 12
0 17 10
13 8 20
13 15 18
6 0 0
6 10 13
5 0 15
10 1 12
1 12 8
5 17 8
12 8 10
0 12 10
0 3 22
6 1 17
10 15 5
6 13 8
8 18 10
0 0 12
0 15 18
0 15 1
0 6 24
0 13 18
0 10 1
3 10 6
12 15 6
8 3 13
12 18 3
0 0 0
0 0 0
0 0 0
0 0 0
0 13 8
5 17 12
12 24 20
5 1 15
5 0 13
0 18 12
0 17 10
13 8 20
13 15 18
6 0 0
6 10 13
5 0 15
10 1 12
1 12 8
5 17 8
12 8 10
0 12 10
0 3 22
6 1 17
10 15 5
6 13 8
8 18 10
0 0 12
0 15 18
0 15 1
0 6 24
0 13 18
0 10 1
3 10 6
12 15 6
8 3 13
12 18 3
0 0 0
0 0 0
0 0 0
0 0 0
0 13 8
5 17 12
12 24 20
5 1 15
5 0 13
0 18 12
0 17 10
13 8 20
13 15 18
6 0 0
6 10 13
5 0 15
10 1 12
1 12 8
5 17 8
12 8 10
0 12 10
0 3 22
6 1 17
10 15 5
6 13 8
8 18 10
0 0 12
0 15 18
0 15 1
0 6 24
0 13 18
0 10 1
3 10 6
12 15 6
8 3 13
12 18 3
0 0 0
0 0 0
0 0 0
0 0 0
0 13 8
5 17 12
12 24 20
5 1 15
5 0 13
0 18 12
0 17 10
13 8 20
13 15 18
6 0 0
6 10 13
5 0 15
10 1 12
1 12 8
5 17 8
12 8 10
0 12 10
0 3 22
6 1 17
10 15 5
6 13 8
8 18 10
0 0 12
0 15 18
0 15 1
0 6 24
0 13 18
0 10 1
3 10 6
12 15 6
8 3 13
12 18 3
0 0 0
0 0 0
0 0 0
0 0 0
0 13 8
5 17 12
12 24 20
5 1 15
5 0 13
0 18 12
0 17 10
13 8 20
13 15 18
6 0 0
6 10 13
5 0 15
10 1 12
1 12 8
5 17 8
12 8 10
0 12 10
0 3 22
6 1 17
10 15 5
6 13 8
8 18 10
0 0 12
0 15 18
0 15 1
0 6 24
0 13 18
0 10 1
3 10 6
12 15 6
8 3 13
12 18 3
0 0 0
0 0 0
0 0 0
0 0 0
0 13 8
5 17 12
12 24 20
5 1 15
5 0 13
0 18 12
0 17 10
13 8 20
13 15 18
6 0 0
6 10 13
5 0 15
10 1 12
1 12 8
5 17 8
12 8 10
0 12 10
0 3 22
6 1 17
10 15 5
6 13 8
8 18 10
0 0 12
0 15 18
0 15 1
0 6 24
0 13 18
0 10 1
3 10 6
12 15 6
8 3 13
12 18 3
0 0 0
0 0 0
0 0 0
0 0 0
0 13 8
5 17 12
12 24 20
5 1 15
5 0 13
0 18 12
0 17 10
13 8 20
13 15 18
6 0 0
6 10 13
5 0 15
10 1 12
1 12 8
5 17 8
12 8 10
0 12 10
0 3 22
6 1 17
10 15 5
6 13 8
8 18 10
0 0 12
0 15 18
0 15 1
0 6 24
0 13 18
0 10 1
3 10 6
12 15 6
8 3 13
12 18 3
0 0 0
0 0 0
0 0 0
0 0 0
0 13 8
5 17 12
12 24 20
5 1 15
5 0 13
0 18 12
0 17 10
13 8 20
13 15 18
6 0 0
6 10 13
5 0 15
10 1 12
1 12 8
5 17 8
12 8 10
0 12 10
0 3 22
6 1 17
10 15 5
6 13 8
8 18 10
0 0 12
0 15 18
0 15 1
0 6 24
0 13 18
0 10 1
3 10 6
12 15 6
8 3 13
12 18 3
0 0 0
0 0 0
0 0 0
0 0 0
0 13 8
5 17 12
12 24 20
5 1 15
5 0 13
0 18 12
0 17 10
13 8 20
13 15 18
6 0 0
6 10 13
5 0 15
10 1 12
1 12 8
5 17 8
12 8 10
0 12 10
0 3 22
6 1 17
10 15 5
6 13 8
8 18 10
0 0 12
0 15 18
0 15 1
0 6 24
0 13 18
0 10 1
3 10 6
12 15 6
8 3 13
12 18 3
0 0 0
0 0 0
0 0 0
0 0 0
0 13 8
5 17 12
12 24 20
5 1 15
5 0 13
0 18 12
0 17 10
13 8 20
13 15 18
6 0 0
6 10 13
5 0 15
10 1 12
1 12 8
5 17 8
12 8 10
0 12 10
0 3 22
6 1 17
10 15 5
6 13 8
8 18 10
0 0 12
0 15 18
0 15 1
0 6 24
0 13 18
0 10 1
3 10 6
12 15 6
8 3 13
12 18 3
0 0 0
0 0 0
0 0 0
0 0 0
0 13 8
5 17 12
12 24 20
5 1 15
5 0 13
0 18 12
0 17 10
13 8 20
13 15 18
6 0 0
6 10 13
5 0 15
10 1 12
1 12 8
5 17 8
12 8 10
0 12 10
0 3 22
6 1 17
10 15 5
6 13 8
8 18 10
0 0 12
0 15 18
0 15 1
0 6 24
0 13 18
0 10 1
3 10 6
12 15 6
8 3 13
12 18 3
0 0 0
0 0 0
0 0 0
0 0 0
0 13 8
5 17 12
12 24 20
5 1 15
5 0 13
0 18 12
0 17 10
13 8 20
13 15 18
6 0 0
6 10 13
5 0 15
10 1 12
1 12 8
5 17 8
12 8 10
0 12 10
0 3 22
6 1 17
10 15 5
6 13 8
8 18 10
0 0 12
0 15 18
0 15 1
0 6 24
0 13 18
0 10 1
3 10 6
12 15 6
8 3 13
12 18 3
0 0 0
0 0 0
0 0 0
0 0 0
0 13 8
5 17 12
12 24 20
5 1 15
5 0 13
0 18 12
0 17 10
13 8 20
13 15 18
6 0 0
6 10 13
5 0 15
10 1 12
1 12 8
5 17 8
12 8 10
0 12 10
0 3 22
6 1 17
10 15 5
6 13 8
8 18 10
0 0 12
0 15 18
0 15 1
0 6 24
0 13 18
0 10 1
3 10 6
12 15 6
8 3 13
12 18 3
0 0 0
0 0 0
0 0 0
0 0 0
0 13 8
5 17 12
12 24 20
5 1 15
5 0 13
0 18 12
0 17 10
13 8 20
13 15 18
6 0 0
6 10 13
5 0 15
10 1 12
1 12 8
5 17 8
12 8 10
0 12 10
0 3 22
6 1 17
10 15 5
6 13 8
8 18 10
0 0 12
0 15 18
0 15 1
0 6 24
0 13 18
0 10 1
3 10 6
12 15 6
8 3 13
12 18 3
0 0 0
0 0 0
0 0 0
0 0 0
0 13 8
5 17 12
12 24 20
5 1 15
5 0 13
0 18 12
0 17 10
13 8 20
13 15 18
6 0 0
6 10 13
5 0 15
10 1 12
1 12 8
5 17 8
12 8 10
0 12 10
0 3 22
6 1 17
10 15 5
6 13 8
8 18 10
0 0 12
0 15 18
0 15 1
0 6 24
0 13 18
0 10 1
3 10 6
12 15 6
8 3 13
12 18 3
0 0 0
0 0 0
0 0 0
0 0 0
0 13 8
5 17 12
12 24 20
5 1 15
5 0 13
0 18 12
0 17 10
13 8 20
13 15 18
6 0 0
6 10 13
5 0 15
10 1 12
1 12 8
5 17 8
12 8 10
0 12 10
0 3 22
6 1 17
10 15 5
6 13 8
8 18 10
0 0 12
0 15 18
0 15 1
0 6 24
0 13 18
0 10 1
3 10 6
12 15 6
8 3 13
12 18 3
0 0 0
0 0 0
0 0 0
0 0 0
0 13 8
5 17 12
12 24 20
5 1 15
5 0 13
0 18 12
0 17 10
13 8 20
13 15 18
6 0 0
6 10 13
5 0 15
10 1 12
1 12 8
5 17 8
12 8 10
0 12 10
0 3 22
6 1 17
10 15 5
6 13 8
8 18 10
0 0 12
0 15 18
0 15 1
0 6 24
0 13 18
0 10 1
3 10 6
12 15 6
8 3 13
12 18 3
0 0 0
0 0 0
0 0 0
0 0 0
0 13 8
5 17 12
12 24 20
5 1 15
5 0 13
0 18 12
0 17 10
13 8 20
13 15 18
6 0 0
6 10 13
5 0 15
10 1 12
1 12 8
5 17 8
12 8 10
0 12 10
0 3 22
6 1 17
10 15 5
6 13 8
8 18 10
0 0 12
0 15 18
0 15 1
0 6 24
0 13 18
0 10 1
3 10 6
12 15 6
8 3 13
12 18 3
0 0 0
0 0 0
0 0 0
0 0 0
0 13 8
5 17 12
12 24 20
5 1 15
5 0 13
0 18 12
0 17 10
13 8 20
13 15 18
6 0 0
6 10 13
5 0 15
10 1 12
1 12 8
5 17 8
12 8 10
0 12 10
0 3 22
6 1 17
10 15 5
6 13 8
8 18 10
0 0 12
0 15 18
0 15 1
0 6 24
0 13 18
0 10 1
3 10 6
12 15 6
8 3 13
12 18 3
0 0 0
0 0 0
0 0 0
0 0 0
0 13 8
5 17 12
12 24 20
5 1 15
5 0 13
0 18 12
0 17 10
13 8 20
13 15 18
6 0 0
6 10 13
5 0 15
10 1 12
1 12 8
5 17 8
12 8 10
0 12 10
0 3 22
6 1 17
10 15 5
6 13 8
8 18 10
0 0 12
0 15 18
0 15 1
0 6 24
0 13 18
0 10 1
3 10 6
12 15 6
8 3 13
12 18 3
0 0 0
0 0 0
0 0 0
0 0 0
0 13 8
5 17 12
12 24 20
5 1 15
5 0 13
0 18 12
0 17 10
13 8 20
13 15 18
6 0 0
6 10 13
5 0 15
10 1 12
1 12 8
5 17 8
12 8 10
0 12 10
0 3 22
6 1 17
10 15 5
6 13 8
8 18 10
0 0 12
0 15 18
0 15 1
0 6 24
0 13 18
0 10 1
3 10 6
12 15 6
8 3 13
12 18 3
0 0 0
0 0 0
0 0 0
0 0 0
0 13 8
5 17 12
12 24 20
5 1 15
5 0 13
0 18 12
0 17 10
13 8 20
13 15 18
6 0 0
6 10 13
5 0 15
10 1 12
1 12 8
5 17 8
12 8 10
0 12 10
0 3 22
6 1 17
10 15 5
6 13 8
8 18 10
0 0 12
0 15 18
0 15 1
0 6 24
0 13 18
0 10 1
3 10 6
12 15 6
8 3 13
12 18 3
0 0 0
0 0 0
0 0 0
0 0 0
0 13 8
5 17 12
12 24 20
5 1 15
5 0 13
0 18 12
0 17 10
13 8 20
13 15 18
6 0 0
6 10 13
5 0 15
10 1 12
1 12 8
5 17 8
12 8 10
0 12 10
0 3 22
6 1 17
10 15 5
6 13 8
8 18 10
0 0 12
0 15 18
0 15 1
0 6 24
0 13 18
0 10 1
3 10 6
12 15 6
8 3 13
12 18 3
0 0 0
0 0 0
0 0 0
0 0 0
0 13 8
5 17 12
12 24 20
5 1 15
5 0 13
0 18 12
0 17 10
13 8 20
13 15 18
6 0 0
6 10 13
5 0 15
10 1 12
1 12 8
5 17 8
12 8 10
0 12 10
0 3 22
6 1 17
10 15 5
6 13 8
8 18 10
0 0 12
0 15 18
0 15 1
0 6 24
0 13 18
0 10 1
3 10 6
12 15 6
8 3 13
12 18 3
0 0 0
0 0 0
0 0 0
0 0 0
0 13 8
5 17 12
12 24 20
5 1 15
5 0 13
0 18 12
0 17 10
13 8 20
13 15 18
6 0 0
6 10 13
5 0 15
10 1 12
1 12 8
5 17 8
12 8 10
0 12 10
0 3 22
6 1 17
10 15 5
6 13 8
8 18 10
0 0 12
0 15 18
0 15 1
0 6 24
0 13 18
0 10 1
3 10 6
12 15 6
8 3 13
12 18 3
0 0 0
0 0 0
0 0 0
0 0 0
0 13 8
5 17 12
12 24 20
5 1 15
5 0 13
0 18 12
0 17 10
13 8 20
13 15 18
6 0 0
6 10 13
5 0 15
10 1 12
1 12 8
5 17 8
12 8 10
0 12 10
0 3 22
6 1 17
10 15 5
6 13 8
8 18 10
0 0 12
0 15 18
0 15 1
0 6 24
0 13 18
0 10 1
3 10 6
12 15 6
8 3 13
12 18 3
0 0 0
0 0 0
0 0 0
0 0 0
0 13 8
5 17 12
12 24 20
5 1 15
5 0 13
0 18 12
0 17 10
13 8 20
13 15 18
6 0 0
6 10 13
5 0 15
10 1 12
1 12 8
5 17 8
12 8 10
0 12 10
0 3 22
6 1 17
10 15 5
6 13 8
8 18 10
0 0 12
0 15 18
0 15 1
0 6 24
0 13 18
0 10 1
3 10 6
12 15 6
8 3 13
12 18 3
0 0 0
0 0 0
0 0 0
0 0 0
0 13 8
5 17 12
12 24 20
5 1 15
5 0 13
0 18 12
0 17 10
13 8 20
13 15 18
6 0 0
6 10 13
5 0 15
10 1 12
1 12 8
5 17 8
12 8 10
0 12 10
0 3 22
6 1 17
10 15 5
6 13 8
8 18 10
0 0 12
0 15 18
0 15 1
0 6 24
0 13 18
0 10 1
3 10 6
12 15 6
8 3 13
12 18 3
0 0 0
0 0 0
0 0 0
0 0 0
0 13 8
5 17 12
12 24 20
5 1 15
5 0 13
0 18 12
0 17 10
13 8 20
13 15 18
6 0 0
6 10 13
5 0 15
10 1 12
1 12 8
5 17 8
12 8 10
0 12 10
0 3 22
6 1 17
10 15 5
6 13 8
8 18 10
0 0 12
0 15 18
0 15 1
0 6 24
0 13 18
0 10 1
3 10 6
12 15 6
8 3 13
12 18 3
0 0 0
0 0 0
0 0 0
0 0 0
0 13 8
5 17 12
12 24 20
5 1 15
5 0 13
0 18 12
0 17 10
13 8 20
13 15 18
6 0 0
6 10 13
5 0 15
10 1 12
1 12 8
5 17 8
12 8 10
0 12 10
0 3 22
6 1 17
10 15 5
6 13 8
8 18 10
0 0 12
0 15 18
0 15 1
0 6 24
0 13 18
0 10 1
3 10 6
12 15 6
8 3 13
12 18 3
0 0 0
0 0 0
0 0 0
0 0 0
0 13 8
5 17 12
12 24 20
5 1 15
5 0 13
0 18 12
0 17 10
13 8 20
13 15 18
6 0 0
6 10 13
5 0 15
10 1 12
1 12 8
5 17 8
12 8 10
0 12 10
0 3 22
6 1 17
10 15 5
6 13 8
8 18 10
0 0 12
0 15 18
0 15 1
0 6 24
0 13 18
0 10 1
3 10 6
12 15 6
8 3 13
12 18 3
0 0 0
0 0 0
0 0 0
0 0 0
0 13 8
5 17 12
12 24 20
5 1 15
5 0 13
0 18 12
0 17 10
13 8 20
13 15 18
6 0 0
6 10 13
5 0 15
10 1 12
1 12 8
5 17 8
12 8 10
0 12 10
0 3 22
6 1 17
10 15 5
6 13 8
8 18 10
0 0 12
0 15 18
0 15 1
0 6 24
0 13 18
0 10 1
3 10 6
12 15 6
8 3 13
12 18 3
0 0 0
0 0 0
0 0 0
0 0 0
0 13 8
5 17 12
12 24 20
5 1 15
5 0 13
0 18 12
0 17 10
13 8 20
13 15 18
6 0 0
6 10 13
5 0 15
10 1 12
1 12 8
5 17 8
12 8 10
0 12 10
0 3 22
6 1 17
10 15 5
6 13 8
8 18 10
0 0 12
0 15 18
0 15 1
0 6 24
0 13 18
0 10 1
3 10 6
12 15 6
8 3 13
12 18 3
0 0 0
0 0 0
0 0 0
0 0 0
0 13 8
5 17 12
12 24 20
5 1 15
5 0 13
0 18 12
0 17 10
13 8 20
13 15 18
6 0 0
6 10 13
5 0 15
10 1 12
1 12 8
5 17 8
12 8 10
0 12 10
0 3 22
6 1 17
10 15 5
6 13 8
8 18 10
0 0 12
0 15 18
0 15 1
0 6 24
0 13 18
0 10 1
3 10 6
12 15 6
8 3 13
12 18 3
0 0 0
0 0 0
0 0 0
0 0 0
0 13 8
5 17 12
12 24 20
5 1 15
5 0 13
0 18 12
0 17 10
13 8 20
13 15 18
6 0 0
6 10 13
5 0 15
10 1 12
1 12 8
5 17 8
12 8 10
0 12 10
0 3 22
6 1 17
10 15 5
6 13 8
8 18 10
0 0 12
0 15 18
0 15 1
0 6 24
0 13 18
0 10 1
3 10 6
12 15 6
8 3 13
12 18 3
0 0 0
0 0 0
0 0 0
0 0 0
0 13 8
5 17 12
12 24 20
5 1 15
5 0 13
0 18 12
0 17 10
13 8 20
13 15 18
6 0 0
6 10 13
5 0 15
10 1 12
1 12 8
5 17 8
12 8 10
0 12 10
0 3 22
6 1 17
10 15 5
6 13 8
8 18 10
0 0 12
0 15 18
0 15 1
0 6 24
0 13 18
0 10 1
3 10 6
12 15 6
8 3 13
12 18 3
0 0 0
0 0 0
0 0 0
0 0 0
0 13 8
5 17 12
12 24 20
5 1 15
5 0 13
0 18 12
0 17 10
13 8 20
13 15 18
6 0 0
6 10 13
5 0 15
10 1 12
1 12 8
5 17 8
12 8 10
0 12 10
0 3 22
6 1 17
10 15 5
6 13 8
8 18 10
0 0 12
0 15 18
0 15 1
0 6 24
0 13 18
0 10 1
3 10 6
12 15 6
8 3 13
12 18 3
0 0 0
0 0 0
0 0 0
0 0 0
0 13 8
5 17 12
12 24 20
5 1 15
5 0 13
0 18 12
0 17 10
13 8 20
13 15 18
6 0 0
6 10 13
5 0 15
10 1 12
1 12 8
5 17 8
12 8 10
0 12 10
0 3 22
6 1 17
10 15 5
6 13 8
8 18 10
0 0 12
0 15 18
0 15 1
0 6 24
0 13 18
0 10 1
3 10 6
12 15 6
8 3 13
12 18 3
0 0 0
0 0 0
0 0 0
0 0 0
0 13 8
5 17 12
12 24 20
5 1 15
5 0 13
0 18 12
0 17 10
13 8 20
13 15 18
6 0 0
6 10 13
5 0 15
10 1 12
1 12 8
5 17 8
12 8 10
0 12 10
0 3 22
6 1 17
10 15 5
6 13 8
8 18 10
0 0 12
0 15 18
0 15 1
0 6 24
0 13 18
0 10 1
3 10 6
12 15 6
8 3 13
12 18 3
0 0 0
0 0 0
0 0 0
0 0 0
0 13 8
5 17 12
12 24 20
5 1 15
5 0 13
0 18 12
0 17 10
13 8 20
13 15 18
6 0 0
6 10 13
5 0 15
10 1 12
1 12 8
5 17 8
12 8 10
0 12 10
0 3 22
6 1 17
10 15 5
6 13 8
8 18 10
0 0 12
0 15 18
0 15 1
0 6 24
0 13 18
0 10 1
3 10 6
12 15 6
8 3 13
12 18 3
0 0 0
0 0 0
0 0 0
0 0 0
0 13 8
5 17 12
12 24 20
5 1 15
5 0 13
0 18 12
0 17 10
13 8 20
13 15 18
6 0 0
6 10 13
5 0 15
10 1 12
1 12 8
5 17 8
12 8 10
0 12 10
0 3 22
6 1 17
10 15 5
6 13 8
8 18 10
0 0 12
0 15 18
0 15 1
0 6 24
0 13 18
0 10 1
3 10 6
12 15 6
8 3 13
12 18 3
0 0 0
0 0 0
0 0 0
0 0 0
0 13 8
5 17 12
12 24 20
5 1 15
5 0 13
0 18 12
0 17 10
13 8 20
13 15 18
6 0 0
6 10 13
5 0 15
10 1 12
1 12 8
5 17 8
12 8 10
0 12 10
0 3 22
6 1 17
10 15 5
6 13 8
8 18 10
0 0 12
0 15 18
0 15 1
0 6 24
0 13 18
0 10 1
3 10 6
12 15 6
8 3 13
12 18 3
0 0 0
0 0 0
0 0 0
0 0 0
0 13 8
5 17 12
12 24 20
5 1 15
5 0 13
0 18 12
0 17 10
13 8 20
13 15 18
6 0 0
6 10 13
5 0 15
10 1 12
1 12 8
5 17 8
12 8 10
0 12 10
0 3 22
6 1 17
10 15 5
6 13 8
8 18 10
0 0 12
0 15 18
0 15 1
0 6 24
0 13 18
0 10 1
3 10 6
12 15 6
8 3 13
12 18 3
0 0 0
0 0 0
0 0 0
0 0 0
0 13 8
5 17 12
12 24 20
5 1 15
5 0 13
0 18 12
0 17 10
13 8 20
13 15 18
6 0 0
6 10 13
5 0 15
10 1 12
1 12 8
5 17 8
12 8 10
0 12 10
0 3 22
6 1 17
10 15 5
6 13 8
8 18 10
0 0 12
0 15 18
0 15 1
0 6 24
0 13 18
0 10 1
3 10 6
12 15 6
8 3 13
12 18 3
0 0 0
0 0 0
0 0 0
0 0 0
0 13 8
5 17 12
12 24 20
5 1 15
5 0 13
0 18 12
0 17 10
13 8 20
13 15 18
6 0 0
6 10 13
5 0 15
10 1 12
1 12 8
5 17 8
12 8 10
0 12 10
0 3 22
6 1 17
10 15 5
6 13 8
8 18 10
0 0 12
0 15 18
0 15 1
0 6 24
0 13 18
0 10 1
3 10 6
12 15 6
8 3 13
12 18 3
0 0 0
0 0 0
0 0 0
0 0 0
0 13 8
5 17 12
12 24 20
5 1 15
5 0 13
0 18 12
0 17 10
13 8 20
13 15 18
6 0 0
6 10 13
5 0 15
10 1 12
1 12 8
5 17 8
12 8 10
0 12 10
0 3 22
6 1 17
10 15 5
6 13 8
8 18 10
0 0 12
0 15 18
0 15 1
0 6 24
0 13 18
0 10 1
3 10 6
12 15 6
8 3 13
12 18 3
0 0 0
0 0 0
0 0 0
0 0 0
0 13 8
5 17 12
12 24 20
5 1 15
5 0 13
0 18 12
0 17 10
13 8 20
13 15 18
6 0 0
6 10 13
5 0 15
10 1 12
1 12 8
5 17 8
12 8 10
0 12 10
0 3 22
6 1 17
10 15 5
6 13 8
8 18 10
0 0 12
0 15 18
0 15 1
0 6 24
0 13 18
0 10 1
3 10 6
12 15 6
8 3 13
12 18 3
0 0 0
0 0 0
0 0 0
0 0 0
0 13 8
5 17 12
12 24 20
5 1 15
5 0 13
0 18 12
0 17 10
13 8 20
13 15 18
6 0 0
6 10 13
5 0 15
10 1 12
1 12 8
5 17 8
12 8 10
0 12 10
0 3 22
6 1 17
10 15 5
6 13 8
8 18 10
0 0 12
0 15 18
0 15 1
0 6 24
0 13 18
0 10 1
3 10 6
12 15 6
8 3 13
12 18 3
0 0 0
0 0 0
0 0 0
0 0 0
0 13 8
5 17 12
12 24 20
5 1 15
5 0 13
0 18 12
0 17 10
13 8 20
13 15 18
6 0 0
6 10 13
5 0 15
10 1 12
1 12 8
5 17 8
12 8 10
0 12 10
0 3 22
6 1 17
10 15 5
6 13 8
8 18 10
0 0 12
0 15 18
0 15 1
0 6 24
0 13 18
0 10 1
3 10 6
12 15 6
8 3 13
12 18 3
0 0 0
0 0 0
0 0 0
0 0 0
0 13 8
5 17 12
12 24 20
5 1 15
5 0 13
0 18 12
0 17 10
13 8 20
13 15 18
6 0 0
6 10 13
5 0 15
10 1 12
1 12 8
5 17 8
12 8 10
0 12 10
0 3 22
6 1 17
10 15 5
6 13 8
8 18 10
0 0 12
0 15 18
0 15 1
0 6 24
0 13 18
0 10 1
3 10 6
12 15 6
8 3 13
12 18 3
0 0 0
0 0 0
0 0 0
0 0 0
0 13 8
5 17 12
12 24 20
5 1 15
5 0 13
0 18 12
0 17 10
13 8 20
13 15 18
6 0 0
6 10 13
5 0 15
10 1 12
1 12 8
5 17 8
12 8 10
0 12 10
0 3 22
6 1 17
10 15 5
6 13 8
8 18 10
0 0 12
0 15 18
0 15 1
0 6 24
0 13 18
0 10 1
3 10 6
12 15 6
8 3 13
12 18 3
0 0 0
0 0 0
0 0 0
0 0 0
0 13 8
5 17 12
12 24 20
5 1 15
5 0 13
0 18 12
0 17 10
13 8 20
13 15 18
6 0 0
6 10 13
5 0 15
10 1 12
1 12 8
5 17 8
12 8 10
0 12 10
0 3 22
6 1 17
10 15 5
6 13 8
8 18 10
0 0 12
0 15 18
0 15 1
0 6 24
0 13 18
0 10 1
3 10 6
12 15 6
8 3 13
12 18 3
0 0 0
0 0 0
0 0 0
0 0 0
0 13 8
5 17 12
12 24 20
5 1 15
5 0 13
0 18 12
0 17 10
13 8 20
13 15 18
6 0 0
6 10 13
5 0 15
10 1 12
1 12 8
5 17 8
12 8 10
0 12 10
0 3 22
6 1 17
10 15 5
6 13 8
8 18 10
0 0 12
0 15 18
0 15 1
0 6 24
0 13 18
0 10 1
3 10 6
12 15 6
8 3 13
12 18 3
0 0 0
0 0 0
0 0 0
0 0 0
0 13 8
5 17 12
12 24 20
5 1 15
5 0 13
0 18 12
0 17 10
13 8 20
13 15 18
6 0 0
6 10 13
5 0 15
10 1 12
1 12 8
5 17 8
12 8 10
0 12 10
0 3 22
6 1 17
10 15 5
6 13 8
8 18 10
0 0 12
0 15 18
0 15 1
0 6 24
0 13 18
0 10 1
3 10 6
12 15 6
8 3 13
12 18 3
0 0 0
0 0 0
0 0 0
0 0 0
0 13 8
5 17 12
12 24 20
5 1 15
5 0 13
0 18 12
0 17 10
13 8 20
13 15 18
6 0 0
6 10 13
5 0 15
10 1 12
1 12 8
5 17 8
12 8 10
0 12 10
0 3 22
6 1 17
10 15 5
6 13 8
8 18 10
0 0 12
0 15 18
0 15 1
0 6 24
0 13 18
0 10 1
3 10 6
12 15 6
8 3 13
12 18 3
0 0 0
0 0 0
0 0 0
0 0 0
0 13 8
5 17 12
12 24 20
5 1 15
5 0 13
0 18 12
0 17 10
13 8 20
13 15 18
6 0 0
6 10 13
5 0 15
10 1 12
1 12 8
5 17 8
12 8 10
0 12 10
0 3 22
6 1 17
10 15 5
6 13 8
8 18 10
0 0 12
0 15 18
0 15 1
0 6 24
0 13 18
0 10 1
3 10 6
12 15 6
8 3 13
12 18 3
0 0 0
0 0 0
0 0 0
0 0 0
0 13 8
5 17 12
12 24 20
5 1 15
5 0 13
0 18 12
0 17 10
13 8 20
13 15 18
6 0 0
6 10 13
5 0 15
10 1 12
1 12 8
5 17 8
12 8 10
0 12 10
0 3 22
6 1 17
10 15 5
6 13 8
8 18 10
0 0 12
0 15 18
0 15 1
0 6 24
0 13 18
0 10 1
3 10 6
12 15 6
8 3 13
12 18 3
0 0 0
0 0 0
0 0 0
0 0 0
0 13 8
5 17 12
12 24 20
5 1 15
5 0 13
0 18 12
0 17 10
13 8 20
13 15 18
6 0 0
6 10 13
5 0 15
10 1 12
1 12 8
5 17 8
12 8 10
0 12 10
0 3 22
6 1 17
10 15 5
6 13 8
8 18 10
0 0 12
0 15 18
0 15 1
0 6 24
0 13 18
0 10 1
3 10 6
12 15 6
8 3 13
12 18 3
0 0 0
0 0 0
0 0 0
0 0 0
0 13 8
5 17 12
12 24 20
5 1 15
5 0 13
0 18 12
0 17 10
13 8 20
13 15 18
6 0 0
6 10 13
5 0 15
10 1 12
1 12 8
5 17 8
12 8 10
0 12 10
0 3 22
6 1 17
10 15 5
6 13 8
8 18 10
0 0 12
0 15 18
0 15 1
0 6 24
0 13 18
0 10 1
3 10 6
12 15 6
8 3 13
12 18 3
0 0 0
0 0 0
0 0 0
0 0 0
0 13 8
5 17 12
12 24 20
5 1 15
5 0 13
0 18 12
0 17 10
13 8 20
13 15 18
6 0 0
6 10 13
5 0 15
10 1 12
1 12 8
5 17 8
12 8 10
0 12 10
0 3 22
6 1 17
10 15 5
6 13 8
8 18 10
0 0 12
0 15 18
0 15 1
0 6 24
0 13 18
0 10 1
3 10 6
12 15 6
8 3 13
12 18 3
0 0 0
0 0 0
0 0 0
0 0 0
0 13 8
5 17 12
12 24 20
5 1 15
5 0 13
0 18 12
0 17 10
13 8 20
13 15 18
6 0 0
6 10 13
5 0 15
10 1 12
1 12 8
5 17 8
12 8 10
0 12 10
0 3 22
6 1 17
10 15 5
6 13 8
8 18 10
0 0 12
0 15 18
0 15 1
0 6 24
0 13 18
0 10 1
3 10 6
12 15 6
8 3 13
12 18 3
0 0 0
0 0 0
0 0 0
0 0 0
0 13 8
5 17 12
12 24 20
5 1 15
5 0 13
0 18 12
0 17 10
13 8 20
13 15 18
6 0 0
6 10 13
5 0 15
10 1 12
1 12 8
5 17 8
12 8 10
0 12 10
0 3 22
6 1 17
10 15 5
6 13 8
8 18 10
0 0 12
0 15 18
0 15 1
0 6 24
0 13 18
0 10 1
3 10 6
12 15 6
8 3 13
12 18 3
0 0 0
0 0 0
0 0 0
0 0 0
0 13 8
5 17 12
12 24 20
5 1 15
5 0 13
0 18 12
0 17 10
13 8 20
13 15 18
6 0 0
6 10 13
5 0 15
10 1 12
1 12 8
5 17 8
12 8 10
0 12 10
0 3 22
6 1 17
10 15 5
6 13 8
8 18 10
0 0 12
0 15 18
0 15 1
0 6 24
0 13 18
0 10 1
3 10 6
12 15 6
8 3 13
12 18 3
0 0 0
0 0 0
0 0 0
0 0 0
0 13 8
5 17 12
12 24 20
5 1 15
5 0 13
0 18 12
0 17 10
13 8 20
13 15 18
6 0 0
6 10 13
5 0 15
10 1 12
1 12 8
5 17 8
12 8 10
0 12 10
0 3 22
6 1 17
10 15 5
6 13 8
8 18 10
0 0 12
0 15 18
0 15 1
0 6 24
0 13 18
0 10 1
3 10 6
12 15 6
8 3 13
12 18 3
0 0 0
0 0 0
0 0 0
0 0 0
0 13 8
5 17 12
12 24 20
5 1 15
5 0 13
0 18 12
0 17 10
13 8 20
13 15 18
6 0 0
6 10 13
5 0 15
10 1 12
1 12 8
5 17 8
12 8 10
0 12 10
0 3 22
6 1 17
10 15 5
6 13 8
8 18 10
0 0 12
0 15 18
0 15 1
0 6 24
0 13 18
0 10 1
3 10 6
12 15 6
8 3 13
12 18 3
0 0 0
0 0 0
0 0 0
0 0 0
0 13 8
5 17 12
12 24 20
5 1 15
5 0 13
0 18 12
0 17 10
13 8 20
13 15 18
6 0 0
6 10 13
5 0 15
10 1 12
1 12 8
5 17 8
12 8 10
0 12 10
0 3 22
6 1 17
10 15 5
6 13 8
8 18 10
0 0 12
0 15 18
0 15 1
0 6 24
0 13 18
0 10 1
3 10 6
12 15 6
8 3 13
12 18 3
0 0 0
0 0 0
0 0 0
0 0 0
0 13 8
5 17 12
12 24 20
5 1 15
5 0 13
0 18 12
0 17 10
13 8 20
13 15 18
6 0 0
6 10 13
5 0 15
10 1 12
1 12 8
5 17 8
12 8 10
0 12 10
0 3 22
6 1 17
10 15 5
6 13 8
8 18 10
0 0 12
0 15 18
0 15 1
0 6 24
0 13 18
0 10 1
3 10 6
12 15 6
8 3 13
12 18 3
0 0 0
0 0 0
0 0 0
0 0 0
0 13 8
5 17 12
12 24 20
5 1 15
5 0 13
0 18 12
0 17 10
13 8 20
13 15 18
6 0 0
6 10 13
5 0 15
10 1 12
1 12 8
5 17 8
12 8 10
0 12 10
0 3 22
6 1 17
10 15 5
6 13 8
8 18 10
0 0 12
0 15 18
0 15 1
0 6 24
0 13 18
0 10 1
3 10 6
12 15 6
8 3 13
12 18 3
0 0 0
0 0 0
0 0 0
0 0 0
0 13 8
5 17 12
12 24 20
5 1 15
5 0 13
0 18 12
0 17 10
13 8 20
13 15 18
6 0 0
6 10 13
5 0 15
10 1 12
1 12 8
5 17 8
12 8 10
0 12 10
0 3 22
6 1 17
10 15 5
6 13 8
8 18 10
0 0 12
0 15 18
0 15 1
0 6 24
0 13 18
0 10 1
3 10 6
12 15 6
8 3 13
12 18 3
0 0 0
0 0 0
0 0 0
0 0 0
0 13 8
5 17 12
12 24 20
5 1 15
5 0 13
0 18 12
0 17 10
13 8 20
13 15 18
6 0 0
6 10 13
5 0 15
10 1 12
1 12 8
5 17 8
12 8 10
0 12 10
0 3 22
6 1 17
10 15 5
6 13 8
8 18 10
0 0 12
0 15 18
0 15 1
0 6 24
0 13 18
0 10 1
3 10 6
12 15 6
8 3 13
12 18 3
0 0 0
0 0 0
0 0 0
0 0 0
0 13 8
5 17 12
12 24 20
5 1 15
5 0 13
0 18 12
0 17 10
13 8 20
13 15 18
6 0 0
6 10 13
5 0 15
10 1 12
1 12 8
5 17 8
12 8 10
0 12 10
0 3 22
6 1 17
10 15 5
6 13 8
8 18 10
0 0 12
0 15 18
0 15 1
0 6 24
0 13 18
0 10 1
3 10 6
12 15 6
8 3 13
12 18 3
0 0 0
0 0 0
0 0 0
0 0 0
0 13 8
5 17 12
12 24 20
5 1 15
5 0 13
0 18 12
0 17 10
13 8 20
13 15 18
6 0 0
6 10 13
5 0 15
10 1 12
1 12 8
5 17 8
12 8 10
0 12 10
0 3 22
6 1 17
10 15 5
6 13 8
8 18 10
0 0 12
0 15 18
0 15 1
0 6 24
0 13 18
0 10 1
3 10 6
12 15 6
8 3 13
12 18 3
0 0 0
0 0 0
0 0 0
0 0 0
0 13 8
5 17 12
12 24 20
5 1 15
5 0 13
0 18 12
0 17 10
13 8 20
13 15 18
6 0 0
6 10 13
5 0 15
10 1 12
1 12 8
5 17 8
12 8 10
0 12 10
0 3 22
6 1 17
10 15 5
6 13 8
8 18 10
0 0 12
0 15 18
0 15 1
0 6 24
0 13 18
0 10 1
3 10 6
12 15 6
8 3 13
12 18 3
0 0 0
0 0 0
0 0 0
0 0 0
0 13 8
5 17 12
12 24 20
5 1 15
5 0 13
0 18 12
0 17 10
13 8 20
13 15 18
6 0 0
6 10 13
5 0 15
10 1 12
1 12 8
5 17 8
12 8 10
0 12 10
0 3 22
6 1 17
10 15 5
6 13 8
8 18 10
0 0 12
0 15 18
0 15 1
0 6 24
0 13 18
0 10 1
3 10 6
12 15 6
8 3 13
12 18 3
0 0 0
0 0 0
0 0 0
0 0 0
0 13 8
5 17 12
12 24 20
5 1 15
5 0 13
0 18 12
0 17 10
13 8 20
13 15 18
6 0 0
6 10 13
5 0 15
10 1 12
1 12 8
5 17 8
12 8 10
0 12 10
0 3 22
6 1 17
10 15 5
6 13 8
8 18 10
0 0 12
0 15 18
0 15 1
0 6 24
0 13 18
0 10 1
3 10 6
12 15 6
8 3 13
12 18 3
0 0 0
0 0 0
0 0 0
0 0 0
0 13 8
5 17 12
12 24 20
5 1 15
5 0 13
0 18 12
0 17 10
13 8 20
13 15 18
6 0 0
6 10 13
5 0 15
10 1 12
1 12 8
5 17 8
12 8 10
0 12 10
0 3 22
6 1 17
10 15 5
6 13 8
8 18 10
0 0 12
0 15 18
0 15 1
0 6 24
0 13 18
0 10 1
3 10 6
12 15 6
8 3 13
12 18 3
0 0 0
0 0 0
0 0 0
0 0 0
0 13 8
5 17 12
12 24 20
5 1 15
5 0 13
0 18 12
0 17 10
13 8 20
13 15 18
6 0 0
6 10 13
5 0 15
10 1 12
1 12 8
5 17 8
12 8 10
0 12 10
0 3 22
6 1 17
10 15 5
6 13 8
8 18 10
0 0 12
0 15 18
0 15 1
0 6 24
0 13 18
0 10 1
3 10 6
12 15 6
8 3 13
12 18 3
0 0 0
0 0 0
0 0 0
0 0 0
0 13 8
5 17 12
12 24 20
5 1 15
5 0 13
0 18 12
0 17 10
13 8 20
13 15 18
6 0 0
6 10 13
5 0 15
10 1 12
1 12 8
5 17 8
12 8 10
0 12 10
0 3 22
6 1 17
10 15 5
6 13 8
8 18 10
0 0 12
0 15 18
0 15 1
0 6 24
0 13 18
0 10 1
3 10 6
12 15 6
8 3 13
12 18 3
0 0 0
0 0 0
0 0 0
0 0 0
0 13 8
5 17 12
12 24 20
5 1 15
5 0 13
0 18 12
0 17 10
13 8 20
13 15 18
6 0 0
6 10 13
5 0 15
10 1 12
1 12 8
5 17 8
12 8 10
0 12 10
0 3 22
6 1 17
10 15 5
6 13 8
8 18 10
0 0 12
0 15 18
0 15 1
0 6 24
0 13 18
0 10 1
3 10 6
12 15 6
8 3 13
12 18 3
0 0 0
0 0 0
0 0 0
0 0 0
0 13 8
5 17 12
12 24 20
5 1 15
5 0 13
0 18 12
0 17 10
13 8 20
13 15 18
6 0 0
6 10 13
5 0 15
10 1 12
1 12 8
5 17 8
12 8 10
0 12 10
0 3 22
6 1 17
10 15 5
6 13 8
8 18 10
0 0 12
0 15 18
0 15 1
0 6 24
0 13 18
0 10 1
3 10 6
12 15 6
8 3 13
12 18 3
0 0 0
0 0 0
0 0 0
0 0 0
0 13 8
5 17 12
12 24 20
5 1 15
5 0 13
0 18 12
0 17 10
13 8 20
13 15 18
6 0 0
6 10 13
5 0 15
10 1 12
1 12 8
5 17 8
12 8 10
0 12 10
0 3 22
6 1 17
10 15 5
6 13 8
8 18 10
0 0 12
0 15 18
0 15 1
0 6 24
0 13 18
0 10 1
3 10 6
12 15 6
8 3 13
12 18 3
0 0 0
0 0 0
0 0 0
0 0 0
0 13 8
5 17 12
12 24 20
5 1 15
5 0 13
0 18 12
0 17 10
13 8 20
13 15 18
6 0 0
6 10 13
5 0 15
10 1 12
1 12 8
5 17 8
12 8 10
0 12 10
0 3 22
6 1 17
10 15 5
6 13 8
8 18 10
0 0 12
0 15 18
0 15 1
0 6 24
0 13 18
0 10 1
3 10 6
12 15 6
8 3 13
12 18 3
0 0 0
0 0 0
0 0 0
0 0 0
0 13 8
5 17 12
12 24 20
5 1 15
5 0 13
0 18 12
0 17 10
13 8 20
13 15 18
6 0 0
6 10 13
5 0 15
10 1 12
1 12 8
5 17 8
12 8 10
0 12 10
0 3 22
6 1 17
10 15 5
6 13 8
8 18 10
0 0 12
0 15 18
0 15 1
0 6 24
0 13 18
0 10 1
3 10 6
12 15 6
8 3 13
12 18 3
0 0 0
0 0 0
0 0 0
0 0 0
0 13 8
5 17 12
12 24 20
5 1 15
5 0 13
0 18 12
0 17 10
13 8 20
13 15 18
6 0 0
6 10 13
5 0 15
10 1 12
1 12 8
5 17 8
12 8 10
0 12 10
0 3 22
6 1 17
10 15 5
6 13 8
8 18 10
0 0 12
0 15 18
0 15 1
0 6 24
0 13 18
0 10 1
3 10 6
12 15 6
8 3 13
12 18 3
0 0 0
0 0 0
0 0 0
0 0 0
0 13 8
5 17 12
12 24 20
5 1 15
5 0 13
0 18 12
0 17 10
13 8 20
13 15 18
6 0 0
6 10 13
5 0 15
10 1 12
1 12 8
5 17 8
12 8 10
0 12 10
0 3 22
6 1 17
10 15 5
6 13 8
8 18 10
0 0 12
0 15 18
0 15 1
0 6 24
0 13 18
0 10 1
3 10 6
12 15 6
8 3 13
12 18 3
0 0 0
0 0 0
0 0 0
0 0 0
0 13 8
5 17 12
12 24 20
5 1 15
5 0 13
0 18 12
0 17 10
13 8 20
13 15 18
6 0 0
6 10 13
5 0 15
10 1 12
1 12 8
5 17 8
12 8 10
0 12 10
0 3 22
6 1 17
10 15 5
6 13 8
8 18 10
0 0 12
0 15 18
0 15 1
0 6 24
0 13 18
0 10 1
3 10 6
12 15 6
8 3 13
12 18 3
0 0 0
0 0 0
0 0 0
0 0 0
0 13 8
5 17 12
12 24 20
5 1 15
5 0 13
0 18 12
0 17 10
13 8 20
13 15 18
6 0 0
6 10 13
5 0 15
10 1 12
1 12 8
5 17 8
12 8 10
0 12 10
0 3 22
6 1 17
10 15 5
6 13 8
8 18 10
0 0 12
0 15 18
0 15 1
0 6 24
0 13 18
0 10 1
3 10 6
12 15 6
8 3 13
12 18 3
0 0 0
0 0 0
0 0 0
0 0 0
0 13 8
5 17 12
12 24 20
5 1 15
5 0 13
0 18 12
0 17 10
13 8 20
13 15 18
6 0 0
6 10 13
5 0 15
10 1 12
1 12 8
5 17 8
12 8 10
0 12 10
0 3 22
6 1 17
10 15 5
6 13 8
8 18 10
0 0 12
0 15 18
0 15 1
0 6 24
0 13 18
0 10 1
3 10 6
12 15 6
8 3 13
12 18 3
0 0 0
0 0 0
0 0 0
0 0 0
0 13 8
5 17 12
12 24 20
5 1 15
5 0 13
0 18 12
0 17 10
13 8 20
13 15 18
6 0 0
6 10 13
5 0 15
10 1 12
1 12 8
5 17 8
12 8 10
0 12 10
0 3 22
6 1 17
10 15 5
6 13 8
8 18 10
0 0 12
0 15 18
0 15 1
0 6 24
0 13 18
0 10 1
3 10 6
12 15 6
8 3 13
12 18 3
0 0 0
0 0 0
0 0 0
0 0 0
0 13 8
5 17 12
12 24 20
5 1 15
5 0 13
0 18 12
0 17 10
13 8 20
13 15 18
6 0 0
6 10 13
5 0 15
10 1 12
1 12 8
5 17 8
12 8 10
0 12 10
0 3 22
6 1 17
10 15 5
6 13 8
8 18 10
0 0 12
0 15 18
0 15 1
0 6 24
0 13 18
0 10 1
3 10 6
12 15 6
8 3 13
12 18 3
0 0 0
0 0 0
0 0 0
0 0 0
0 13 8
5 17 12
12 24 20
5 1 15
5 0 13
0 18 12
0 17 10
13 8 20
13 15 18
6 0 0
6 10 13
5 0 15
10 1 12
1 12 8
5 17 8
12 8 10
0 12 10
0 3 22
6 1 17
10 15 5
6 13 8
8 18 10
0 0 12
0 15 18
0 15 1
0 6 24
0 13 18
0 10 1
3 10 6
12 15 6
8 3 13
12 18 3
0 0 0
0 0 0
0 0 0
0 0 0
0 13 8
5 17 12
12 24 20
5 1 15
5 0 13
0 18 12
0 17 10
13 8 20
13 15 18
6 0 0
6 10 13
5 0 15
10 1 12
1 12 8
5 17 8
12 8 10
0 12 10
0 3 22
6 1 17
10 15 5
6 13 8
8 18 10
0 0 12
0 15 18
0 15 1
0 6 24
0 13 18
0 10 1
3 10 6
12 15 6
8 3 13
12 18 3
0 0 0
0 0 0
0 0 0
0 0 0
0 13 8
5 17 12
12 24 20
5 1 15
5 0 13
0 18 12
0 17 10
13 8 20
13 15 18
6 0 0
6 10 13
5 0 15
10 1 12
1 12 8
5 17 8
12 8 10
0 12 10
0 3 22
6 1 17
10 15 5
6 13 8
8 18 10
0 0 12
0 15 18
0 15 1
0 6 24
0 13 18
0 10 1
3 10 6
12 15 6
8 3 13
12 18 3
0 0 0
0 0 0
0 0 0
0 0 0
0 13 8
5 17 12
12 24 20
5 1 15
5 0 13
0 18 12
0 17 10
13 8 20
13 15 18
6 0 0
6 10 13
5 0 15
10 1 12
1 12 8
5 17 8
12 8 10
0 12 10
0 3 22
6 1 17
10 15 5
6 13 8
8 18 10
0 0 12
0 15 18
0 15 1
0 6 24
0 13 18
0 10 1
3 10 6
12 15 6
8 3 13
12 18 3
0 0 0
0 0 0
0 0 0
0 0 0
0 13 8
5 17 12
12 24 20
5 1 15
5 0 13
0 18 12
0 17 10
13 8 20
13 15 18
6 0 0
6 10 13
5 0 15
10 1 12
1 12 8
5 17 8
12 8 10
0 12 10
0 3 22
6 1 17
10 15 5
6 13 8
8 18 10
0 0 12
0 15 18
0 15 1
0 6 24
0 13 18
0 10 1
3 10 6
12 15 6
8 3 13
12 18 3
0 0 0
0 0 0
0 0 0
0 0 0
0 13 8
5 17 12
12 24 20
5 1 15
5 0 13
0 18 12
0 17 10
13 8 20
13 15 18
6 0 0
6 10 13
5 0 15
10 1 12
1 12 8
5 17 8
12 8 10
0 12 10
0 3 22
6 1 17
10 15 5
6 13 8
8 18 10
0 0 12
0 15 18
0 15 1
0 6 24
0 13 18
0 10 1
3 10 6
12 15 6
8 3 13
12 18 3
0 0 0
0 0 0
0 0 0
0 0 0
0 13 8
5 17 12
12 24 20
5 1 15
5 0 13
0 18 12
0 17 10
13 8 20
13 15 18
6 0 0
6 10 13
5 0 15
10 1 12
1 12 8
5 17 8
12 8 10
0 12 10
0 3 22
6 1 17
10 15 5
6 13 8
8 18 10
0 0 12
0 15 18
0 15 1
0 6 24
0 13 18
0 10 1
3 10 6
12 15 6
8 3 13
12 18 3
0 0 0
0 0 0
0 0 0
0 0 0
0 13 8
5 17 12
12 24 20
5 1 15
5 0 13
0 18 12
0 17 10
13 8 20
13 15 18
6 0 0
6 10 13
5 0 15
10 1 12
1 12 8
5 17 8
12 8 10
0 12 10
0 3 22
6 1 17
10 15 5
6 13 8
8 18 10
0 0 12
0 15 18
0 15 1
0 6 24
0 13 18
0 10 1
3 10 6
12 15 6
8 3 13
12 18 3
0 0 0
0 0 0
0 0 0
0 0 0
0 13 8
5 17 12
12 24 20
5 1 15
5 0 13
0 18 12
0 17 10
13 8 20
13 15 18
6 0 0
6 10 13
5 0 15
10 1 12
1 12 8
5 17 8
12 8 10
0 12 10
0 3 22
6 1 17
10 15 5
6 13 8
8 18 10
0 0 12
0 15 18
0 15 1
0 6 24
0 13 18
0 10 1
3 10 6
12 15 6
8 3 13
12 18 3
0 0 0
0 0 0
0 0 0
0 0 0
0 13 8
5 17 12
12 24 20
5 1 15
5 0 13
0 18 12
0 17 10
13 8 20
13 15 18
6 0 0
6 10 13
5 0 15
10 1 12
1 12 8
5 17 8
12 8 10
0 12 10
0 3 22
6 1 17
10 15 5
6 13 8
8 18 10
0 0 12
0 15 18
0 15 1
0 6 24
0 13 18
0 10 1
3 10 6
12 15 6
8 3 13
12 18 3
0 0 0
0 0 0
0 0 0
0 0 0
0 13 8
5 17 12
12 24 20
5 1 15
5 0 13
0 18 12
0 17 10
13 8 20
13 15 18
6 0 0
6 10 13
5 0 15
10 1 12
1 12 8
5 17 8
12 8 10
0 12 10
0 3 22
6 1 17
10 15 5
6 13 8
8 18 10
0 0 12
0 15 18
0 15 1
0 6 24
0 13 18
0 10 1
3 10 6
12 15 6
8 3 13
12 18 3
0 0 0
0 0 0
0 0 0
0 0 0
0 13 8
5 17 12
12 24 20
5 1 15
5 0 13
0 18 12
0 17 10
13 8 20
13 15 18
6 0 0
6 10 13
5 0 15
10 1 12
1 12 8
5 17 8
12 8 10
0 12 10
0 3 22
6 1 17
10 15 5
6 13 8
8 18 10
0 0 12
0 15 18
0 15 1
0 6 24
0 13 18
0 10 1
3 10 6
12 15 6
8 3 13
12 18 3
0 0 0
0 0 0
0 0 0
0 0 0
0 13 8
5 17 12
12 24 20
5 1 15
5 0 13
0 18 12
0 17 10
13 8 20
13 15 18
6 0 0
6 10 13
5 0 15
10 1 12
1 12 8
5 17 8
12 8 10
0 12 10
0 3 22
6 1 17
10 15 5
6 13 8
8 18 10
0 0 12
0 15 18
0 15 1
0 6 24
0 13 18
0 10 1
3 10 6
12 15 6
8 3 13
12 18 3
0 0 0
0 0 0
0 0 0
0 0 0
0 13 8
5 17 12
12 24 20
5 1 15
5 0 13
0 18 12
0 17 10
13 8 20
13 15 18
6 0 0
6 10 13
5 0 15
10 1 12
1 12 8
5 17 8
12 8 10
0 12 10
0 3 22
6 1 17
10 15 5
6 13 8
8 18 10
0 0 12
0 15 18
0 15 1
0 6 24
0 13 18
0 10 1
3 10 6
12 15 6
8 3 13
12 18 3
0 0 0
0 0 0
0 0 0
0 0 0
0 13 8
5 17 12
12 24 20
5 1 15
5 0 13
0 18 12
0 17 10
13 8 20
13 15 18
6 0 0
6 10 13
5 0 15
10 1 12
1 12 8
5 17 8
12 8 10
0 12 10
0 3 22
6 1 17
10 15 5
6 13 8
8 18 10
0 0 12
0 15 18
0 15 1
0 6 24
0 13 18
0 10 1
3 10 6
12 15 6
8 3 13
12 18 3
0 0 0
0 0 0
0 0 0
0 0 0
0 13 8
5 17 12
12 24 20
5 1 15
5 0 13
0 18 12
0 17 10
13 8 20
13 15 18
6 0 0
6 10 13
5 0 15
10 1 12
1 12 8
5 17 8
12 8 10
0 12 10
0 3 22
6 1 17
10 15 5
6 13 8
8 18 10
0 0 12
0 15 18
0 15 1
0 6 24
0 13 18
0 10 1
3 10 6
12 15 6
8 3 13
12 18 3
0 0 0
0 0 0
0 0 0
0 0 0
0 13 8
5 17 12
12 24 20
5 1 15
5 0 13
0 18 12
0 17 10
13 8 20
13 15 18
6 0 0
6 10 13
5 0 15
10 1 12
1 12 8
5 17 8
12 8 10
0 12 10
0 3 22
6 1 17
10 15 5
6 13 8
8 18 10
0 0 12
0 15 18
0 15 1
0 6 24
0 13 18
0 10 1
3 10 6
12 15 6
8 3 13
12 18 3
0 0 0
0 0 0
0 0 0
0 0 0
0 13 8
5 17 12
12 24 20
5 1 15
5 0 13
0 18 12
0 17 10
13 8 20
13 15 18
6 0 0
6 10 13
5 0 15
10 1 12
1 12 8
5 17 8
12 8 10
0 12 10
0 3 22
6 1 17
10 15 5
6 13 8
8 18 10
0 0 12
0 15 18
0 15 1
0 6 24
0 13 18
0 10 1
3 10 6
12 15 6
8 3 13
12 18 3
0 0 0
0 0 0
0 0 0
0 0 0
0 13 8
5 17 12
12 24 20
5 1 15
5 0 13
0 18 12
0 17 10
13 8 20
13 15 18
6 0 0
6 10 13
5 0 15
10 1 12
1 12 8
5 17 8
12 8 10
0 12 10
0 3 22
6 1 17
10 15 5
6 13 8
8 18 10
0 0 12
0 15 18
0 15 1
0 6 24
0 13 18
0 10 1
3 10 6
12 15 6
8 3 13
12 18 3
0 0 0
0 0 0
0 0 0
0 0 0
0 13 8
5 17 12
12 24 20
5 1 15
5 0 13
0 18 12
0 17 10
13 8 20
13 15 18
6 0 0
6 10 13
5 0 15
10 1 12
1 12 8
5 17 8
12 8 10
0 12 10
0 3 22
6 1 17
10 15 5
6 13 8
8 18 10
0 0 12
0 15 18
0 15 1
0 6 24
0 13 18
0 10 1
3 10 6
12 15 6
8 3 13
12 18 3
0 0 0
0 0 0
0 0 0
0 0 0
0 13 8
5 17 12
12 24 20
5 1 15
5 0 13
0 18 12
0 17 10
13 8 20
13 15 18
6 0 0
6 10 13
5 0 15
10 1 12
1 12 8
5 17 8
12 8 10
0 12 10
0 3 22
6 1 17
10 15 5
6 13 8
8 18 10
0 0 12
0 15 18
0 15 1
0 6 24
0 13 18
0 10 1
3 10 6
12 15 6
8 3 13
12 18 3
0 0 0
0 0 0
0 0 0
0 0 0
0 13 8
5 17 12
12 24 20
5 1 15
5 0 13
0 18 12
0 17 10
13 8 20
13 15 18
6 0 0
6 10 13
5 0 15
10 1 12
1 12 8
5 17 8
12 8 10
0 12 10
0 3 22
6 1 17
10 15 5
6 13 8
8 18 10
0 0 12
0 15 18
0 15 1
0 6 24
0 13 18
0 10 1
3 10 6
12 15 6
8 3 13
12 18 3
0 0 0
0 0 0
0 0 0
0 0 0
0 13 8
5 17 12
12 24 20
5 1 15
5 0 13
0 18 12
0 17 10
13 8 20
13 15 18
6 0 0
6 10 13
5 0 15
10 1 12
1 12 8
5 17 8
12 8 10
0 12 10
0 3 22
6 1 17
10 15 5
6 13 8
8 18 10
0 0 12
0 15 18
0 15 1
0 6 24
0 13 18
0 10 1
3 10 6
12 15 6
8 3 13
12 18 3
0 0 0
0 0 0
0 0 0
0 0 0
0 13 8
5 17 12
12 24 20
5 1 15
5 0 13
0 18 12
0 17 10
13 8 20
13 15 18
6 0 0
6 10 13
5 0 15
10 1 12
1 12 8
5 17 8
12 8 10
0 12 10
0 3 22
6 1 17
10 15 5
6 13 8
8 18 10
0 0 12
0 15 18
0 15 1
0 6 24
0 13 18
0 10 1
3 10 6
12 15 6
8 3 13
12 18 3
0 0 0
0 0 0
0 0 0
0 0 0
0 13 8
5 17 12
12 24 20
5 1 15
5 0 13
0 18 12
0 17 10
13 8 20
13 15 18
6 0 0
6 10 13
5 0 15
10 1 12
1 12 8
5 17 8
12 8 10
0 12 10
0 3 22
6 1 17
10 15 5
6 13 8
8 18 10
0 0 12
0 15 18
0 15 1
0 6 24
0 13 18
0 10 1
3 10 6
12 15 6
8 3 13
12 18 3
0 0 0
0 0 0
0 0 0
0 0 0
0 13 8
5 17 12
12 24 20
5 1 15
5 0 13
0 18 12
0 17 10
13 8 20
13 15 18
6 0 0
6 10 13
5 0 15
10 1 12
1 12 8
5 17 8
12 8 10
0 12 10
0 3 22
6 1 17
10 15 5
6 13 8
8 18 10
0 0 12
0 15 18
0 15 1
0 6 24
0 13 18
0 10 1
3 10 6
12 15 6
8 3 13
12 18 3
0 0 0
0 0 0
0 0 0
0 0 0
0 13 8
5 17 12
12 24 20
5 1 15
5 0 13
0 18 12
0 17 10
13 8 20
13 15 18
6 0 0
6 10 13
5 0 15
10 1 12
1 12 8
5 17 8
12 8 10
0 12 10
0 3 22
6 1 17
10 15 5
6 13 8
8 18 10
0 0 12
0 15 18
0 15 1
0 6 24
0 13 18
0 10 1
3 10 6
12 15 6
8 3 13
12 18 3
0 0 0
0 0 0
0 0 0
0 0 0
0 13 8
5 17 12
12 24 20
5 1 15
5 0 13
0 18 12
0 17 10
13 8 20
13 15 18
6 0 0
6 10 13
5 0 15
10 1 12
1 12 8
5 17 8
12 8 10
0 12 10
0 3 22
6 1 17
10 15 5
6 13 8
8 18 10
0 0 12
0 15 18
0 15 1
0 6 24
0 13 18
0 10 1
3 10 6
12 15 6
8 3 13
12 18 3
0 0 0
0 0 0
0 0 0
0 0 0
0 13 8
5 17 12
12 24 20
5 1 15
5 0 13
0 18 12
0 17 10
13 8 20
13 15 18
6 0 0
6 10 13
5 0 15
10 1 12
1 12 8
5 17 8
12 8 10
0 12 10
0 3 22
6 1 17
10 15 5
6 13 8
8 18 10
0 0 12
0 15 18
0 15 1
0 6 24
0 13 18
0 10 1
3 10 6
12 15 6
8 3 13
12 18 3
0 0 0
0 0 0
0 0 0
0 0 0
0 13 8
5 17 12
12 24 20
5 1 15
5 0 13
0 18 12
0 17 10
13 8 20
13 15 18
6 0 0
6 10 13
5 0 15
10 1 12
1 12 8
5 17 8
12 8 10
0 12 10
0 3 22
6 1 17
10 15 5
6 13 8
8 18 10
0 0 12
0 15 18
0 15 1
0 6 24
0 13 18
0 10 1
3 10 6
12 15 6
8 3 13
12 18 3
0 0 0
0 0 0
0 0 0
0 0 0
0 13 8
5 17 12
12 24 20
5 1 15
5 0 13
0 18 12
0 17 10
13 8 20
13 15 18
6 0 0
6 10 13
5 0 15
10 1 12
1 12 8
5 17 8
12 8 10
0 12 10
0 3 22
6 1 17
10 15 5
6 13 8
8 18 10
0 0 12
0 15 18
0 15 1
0 6 24
0 13 18
0 10 1
3 10 6
12 15 6
8 3 13
12 18 3
0 0 0
0 0 0
0 0 0
0 0 0
0 13 8
5 17 12
12 24 20
5 1 15
5 0 13
0 18 12
0 17 10
13 8 20
13 15 18
6 0 0
6 10 13
5 0 15
10 1 12
1 12 8
5 17 8
12 8 10
0 12 10
0 3 22
6 1 17
10 15 5
6 13 8
8 18 10
0 0 12
0 15 18
0 15 1
0 6 24
0 13 18
0 10 1
3 10 6
12 15 6
8 3 13
12 18 3
0 0 0
0 0 0
0 0 0
0 0 0
0 13 8
5 17 12
12 24 20
5 1 15
5 0 13
0 18 12
0 17 10
13 8 20
13 15 18
6 0 0
6 10 13
5 0 15
10 1 12
1 12 8
5 17 8
12 8 10
0 12 10
0 3 22
6 1 17
10 15 5
6 13 8
8 18 10
0 0 12
0 15 18
0 15 1
0 6 24
0 13 18
0 10 1
3 10 6
12 15 6
8 3 13
12 18 3
0 0 0
0 0 0
0 0 0
0 0 0
0 13 8
5 17 12
12 24 20
5 1 15
5 0 13
0 18 12
0 17 10
13 8 20
13 15 18
6 0 0
6 10 13
5 0 15
10 1 12
1 12 8
5 17 8
12 8 10
0 12 10
0 3 22
6 1 17
10 15 5
6 13 8
8 18 10
0 0 12
0 15 18
0 15 1
0 6 24
0 13 18
0 10 1
3 10 6
12 15 6
8 3 13
12 18 3
0 0 0
0 0 0
0 0 0
0 0 0
0 13 8
5 17 12
12 24 20
5 1 15
5 0 13
0 18 12
0 17 10
13 8 20
13 15 18
6 0 0
6 10 13
5 0 15
10 1 12
1 12 8
5 17 8
12 8 10
0 12 10
0 3 22
6 1 17
10 15 5
6 13 8
8 18 10
0 0 12
0 15 18
0 15 1
0 6 24
0 13 18
0 10 1
3 10 6
12 15 6
8 3 13
12 18 3
0 0 0
0 0 0
0 0 0
0 0 0
0 13 8
5 17 12
12 24 20
5 1 15
5 0 13
0 18 12
0 17 10
13 8 20
13 15 18
6 0 0
6 10 13
5 0 15
10 1 12
1 12 8
5 17 8
12 8 10
0 12 10
0 3 22
6 1 17
10 15 5
6 13 8
8 18 10
0 0 12
0 15 18
0 15 1
0 6 24
0 13 18
0 10 1
3 10 6
12 15 6
8 3 13
12 18 3
0 0 0
0 0 0
0 0 0
0 0 0
0 13 8
5 17 12
12 24 20
5 1 15
5 0 13
0 18 12
0 17 10
13 8 20
13 15 18
6 0 0
6 10 13
5 0 15
10 1 12
1 12 8
5 17 8
12 8 10
0 12 10
0 3 22
6 1 17
10 15 5
6 13 8
8 18 10
0 0 12
0 15 18
0 15 1
0 6 24
0 13 18
0 10 1
3 10 6
12 15 6
8 3 13
12 18 3
0 0 0
0 0 0
0 0 0
0 0 0
0 13 8
5 17 12
12 24 20
5 1 15
5 0 13
0 18 12
0 17 10
13 8 20
13 15 18
6 0 0
6 10 13
5 0 15
10 1 12
1 12 8
5 17 8
12 8 10
0 12 10
0 3 22
6 1 17
10 15 5
6 13 8
8 18 10
0 0 12
0 15 18
0 15 1
0 6 24
0 13 18
0 10 1
3 10 6
12 15 6
8 3 13
12 18 3
0 0 0
0 0 0
0 0 0
0 0 0
0 13 8
5 17 12
12 24 20
5 1 15
5 0 13
0 18 12
0 17 10
13 8 20
13 15 18
6 0 0
6 10 13
5 0 15
10 1 12
1 12 8
5 17 8
12 8 10
0 12 10
0 3 22
6 1 17
10 15 5
6 13 8
8 18 10
0 0 12
0 15 18
0 15 1
0 6 24
0 13 18
0 10 1
3 10 6
12 15 6
8 3 13
12 18 3
0 0 0
0 0 0
0 0 0
0 0 0
0 13 8
5 17 12
12 24 20
5 1 15
5 0 13
0 18 12
0 17 10
13 8 20
13 15 18
6 0 0
6 10 13
5 0 15
10 1 12
1 12 8
5 17 8
12 8 10
0 12 10
0 3 22
6 1 17
10 15 5
6 13 8
8 18 10
0 0 12
0 15 18
0 15 1
0 6 24
0 13 18
0 10 1
3 10 6
12 15 6
8 3 13
12 18 3
0 0 0
0 0 0
0 0 0
0 0 0
0 13 8
5 17 12
12 24 20
5 1 15
5 0 13
0 18 12
0 17 10
13 8 20
13 15 18
6 0 0
6 10 13
5 0 15
10 1 12
1 12 8
5 17 8
12 8 10
0 12 10
0 3 22
6 1 17
10 15 5
6 13 8
8 18 10
0 0 12
0 15 18
0 15 1
0 6 24
0 13 18
0 10 1
3 10 6
12 15 6
8 3 13
12 18 3
0 0 0
0 0 0
0 0 0
0 0 0
0 13 8
5 17 12
12 24 20
5 1 15
5 0 13
0 18 12
0 17 10
13 8 20
13 15 18
6 0 0
6 10 13
5 0 15
10 1 12
1 12 8
5 17 8
12 8 10
0 12 10
0 3 22
6 1 17
10 15 5
6 13 8
8 18 10
0 0 12
0 15 18
0 15 1
0 6 24
0 13 18
0 10 1
3 10 6
12 15 6
8 3 13
12 18 3
0 0 0
0 0 0
0 0 0
0 0 0
0 13 8
5 17 12
12 24 20
5 1 15
5 0 13
0 18 12
0 17 10
13 8 20
13 15 18
6 0 0
6 10 13
5 0 15
10 1 12
1 12 8
5 17 8
12 8 10
0 12 10
0 3 22
6 1 17
10 15 5
6 13 8
8 18 10
0 0 12
0 15 18
0 15 1
0 6 24
0 13 18
0 10 1
3 10 6
12 15 6
8 3 13
12 18 3
0 0 0
0 0 0
0 0 0
0 0 0
0 13 8
5 17 12
12 24 20
5 1 15
5 0 13
0 18 12
0 17 10
13 8 20
13 15 18
6 0 0
6 10 13
5 0 15
10 1 12
1 12 8
5 17 8
12 8 10
0 12 10
0 3 22
6 1 17
10 15 5
6 13 8
8 18 10
0 0 12
0 15 18
0 15 1
0 6 24
0 13 18
0 10 1
3 10 6
12 15 6
8 3 13
12 18 3
0 0 0
0 0 0
0 0 0
0 0 0
0 13 8
5 17 12
12 24 20
5 1 15
5 0 13
0 18 12
0 17 10
13 8 20
13 15 18
6 0 0
6 10 13
5 0 15
10 1 12
1 12 8
5 17 8
12 8 10
0 12 10
0 3 22
6 1 17
10 15 5
6 13 8
8 18 10
0 0 12
0 15 18
0 15 1
0 6 24
0 13 18
0 10 1
3 10 6
12 15 6
8 3 13
12 18 3
0 0 0
0 0 0
0 0 0
0 0 0
0 13 8
5 17 12
12 24 20
5 1 15
5 0 13
0 18 12
0 17 10
13 8 20
13 15 18
6 0 0
6 10 13
5 0 15
10 1 12
1 12 8
5 17 8
12 8 10
0 12 10
0 3 22
6 1 17
10 15 5
6 13 8
8 18 10
0 0 12
0 15 18
0 15 1
0 6 24
0 13 18
0 10 1
3 10 6
12 15 6
8 3 13
12 18 3
0 0 0
0 0 0
0 0 0
0 0 0
0 13 8
5 17 12
12 24 20
5 1 15
5 0 13
0 18 12
0 17 10
13 8 20
13 15 18
6 0 0
6 10 13
5 0 15
10 1 12
1 12 8
5 17 8
12 8 10
0 12 10
0 3 22
6 1 17
10 15 5
6 13 8
8 18 10
0 0 12
0 15 18
0 15 1
0 6 24
0 13 18
0 10 1
3 10 6
12 15 6
8 3 13
12 18 3
0 0 0
0 0 0
0 0 0
0 0 0
0 13 8
5 17 12
12 24 20
5 1 15
5 0 13
0 18 12
0 17 10
13 8 20
13 15 18
6 0 0
6 10 13
5 0 15
10 1 12
1 12 8
5 17 8
12 8 10
0 12 10
0 3 22
6 1 17
10 15 5
6 13 8
8 18 10
0 0 12
0 15 18
0 15 1
0 6 24
0 13 18
0 10 1
3 10 6
12 15 6
8 3 13
12 18 3
0 0 0
0 0 0
0 0 0
0 0 0
0 13 8
5 17 12
12 24 20
5 1 15
5 0 13
0 18 12
0 17 10
13 8 20
13 15 18
6 0 0
6 10 13
5 0 15
10 1 12
1 12 8
5 17 8
12 8 10
0 12 10
0 3 22
6 1 17
10 15 5
6 13 8
8 18 10
0 0 12
0 15 18
0 15 1
0 6 24
0 13 18
0 10 1
3 10 6
12 15 6
8 3 13
12 18 3
0 0 0
0 0 0
0 0 0
0 0 0
0 13 8
5 17 12
12 24 20
5 1 15
5 0 13
0 18 12
0 17 10
13 8 20
13 15 18
6 0 0
6 10 13
5 0 15
10 1 12
1 12 8
5 17 8
12 8 10
0 12 10
0 3 22
6 1 17
10 15 5
6 13 8
8 18 10
0 0 12
0 15 18
0 15 1
0 6 24
0 13 18
0 10 1
3 10 6
12 15 6
8 3 13
12 18 3
0 0 0
0 0 0
0 0 0
0 0 0
0 13 8
5 17 12
12 24 20
5 1 15
5 0 13
0 18 12
0 17 10
13 8 20
13 15 18
6 0 0
6 10 13
5 0 15
10 1 12
1 12 8
5 17 8
12 8 10
0 12 10
0 3 22
6 1 17
10 15 5
6 13 8
8 18 10
0 0 12
0 15 18
0 15 1
0 6 24
0 13 18
0 10 1
3 10 6
12 15 6
8 3 13
12 18 3
0 0 0
0 0 0
0 0 0
0 0 0
0 13 8
5 17 12
12 24 20
5 1 15
5 0 13
0 18 12
0 17 10
13 8 20
13 15 18
6 0 0
6 10 13
5 0 15
10 1 12
1 12 8
5 17 8
12 8 10
0 12 10
0 3 22
6 1 17
10 15 5
6 13 8
8 18 10
0 0 12
0 15 18
0 15 1
0 6 24
0 13 18
0 10 1
3 10 6
12 15 6
8 3 13
12 18 3
0 0 0
0 0 0
0 0 0
0 0 0
0 13 8
5 17 12
12 24 20
5 1 15
5 0 13
0 18 12
0 17 10
13 8 20
13 15 18
6 0 0
6 10 13
5 0 15
10 1 12
1 12 8
5 17 8
12 8 10
0 12 10
0 3 22
6 1 17
10 15 5
6 13 8
8 18 10
0 0 12
0 15 18
0 15 1
0 6 24
0 13 18
0 10 1
3 10 6
12 15 6
8 3 13
12 18 3
0 0 0
0 0 0
0 0 0
0 0 0
0 13 8
5 17 12
12 24 20
5 1 15
5 0 13
0 18 12
0 17 10
13 8 20
13 15 18
6 0 0
6 10 13
5 0 15
10 1 12
1 12 8
5 17 8
12 8 10
0 12 10
0 3 22
6 1 17
10 15 5
6 13 8
8 18 10
0 0 12
0 15 18
0 15 1
0 6 24
0 13 18
0 10 1
3 10 6
12 15 6
8 3 13
12 18 3
0 0 0
0 0 0
0 0 0
0 0 0
0 13 8
5 17 12
12 24 20
5 1 15
5 0 13
0 18 12
0 17 10
13 8 20
13 15 18
6 0 0
6 10 13
5 0 15
10 1 12
1 12 8
5 17 8
12 8 10
0 12 10
0 3 22
6 1 17
10 15 5
6 13 8
8 18 10
0 0 12
0 15 18
0 15 1
0 6 24
0 13 18
0 10 1
3 10 6
12 15 6
8 3 13
12 18 3
0 0 0
0 0 0
0 0 0
0 0 0
0 13 8
5 17 12
12 24 20
5 1 15
5 0 13
0 18 12
0 17 10
13 8 20
13 15 18
6 0 0
6 10 13
5 0 15
10 1 12
1 12 8
5 17 8
12 8 10
0 12 10
0 3 22
6 1 17
10 15 5
6 13 8
8 18 10
0 0 12
0 15 18
0 15 1
0 6 24
0 13 18
0 10 1
3 10 6
12 15 6
8 3 13
12 18 3
0 0 0
0 0 0
0 0 0
0 0 0
0 13 8
5 17 12
12 24 20
5 1 15
5 0 13
0 18 12
0 17 10
13 8 20
13 15 18
6 0 0
6 10 13
5 0 15
10 1 12
1 12 8
5 17 8
12 8 10
0 12 10
0 3 22
6 1 17
10 15 5
6 13 8
8 18 10
0 0 12
0 15 18
0 15 1
0 6 24
0 13 18
0 10 1
3 10 6
12 15 6
8 3 13
12 18 3
0 0 0
0 0 0
0 0 0
0 0 0
0 13 8
5 17 12
12 24 20
5 1 15
5 0 13
0 18 12
0 17 10
13 8 20
13 15 18
6 0 0
6 10 13
5 0 15
10 1 12
1 12 8
5 17 8
12 8 10
0 12 10
0 3 22
6 1 17
10 15 5
6 13 8
8 18 10
0 0 12
0 15 18
0 15 1
0 6 24
0 13 18
0 10 1
3 10 6
12 15 6
8 3 13
12 18 3
0 0 0
0 0 0
0 0 0
0 0 0
0 13 8
5 17 12
12 24 20
5 1 15
5 0 13
0 18 12
0 17 10
13 8 20
13 15 18
6 0 0
6 10 13
5 0 15
10 1 12
1 12 8
5 17 8
12 8 10
0 12 10
0 3 22
6 1 17
10 15 5
6 13 8
8 18 10
0 0 12
0 15 18
0 15 1
0 6 24
0 13 18
0 10 1
3 10 6
12 15 6
8 3 13
12 18 3
0 0 0
0 0 0
0 0 0
0 0 0
0 13 8
5 17 12
12 24 20
5 1 15
5 0 13
0 18 12
0 17 10
13 8 20
13 15 18
6 0 0
6 10 13
5 0 15
10 1 12
1 12 8
5 17 8
12 8 10
0 12 10
0 3 22
6 1 17
10 15 5
6 13 8
8 18 10
0 0 12
0 15 18
0 15 1
0 6 24
0 13 18
0 10 1
3 10 6
12 15 6
8 3 13
12 18 3
0 0 0
0 0 0
0 0 0
0 0 0
0 13 8
5 17 12
12 24 20
5 1 15
5 0 13
0 18 12
0 17 10
13 8 20
13 15 18
6 0 0
6 10 13
5 0 15
10 1 12
1 12 8
5 17 8
12 8 10
0 12 10
0 3 22
6 1 17
10 15 5
6 13 8
8 18 10
0 0 12
0 15 18
0 15 1
0 6 24
0 13 18
0 10 1
3 10 6
12 15 6
8 3 13
12 18 3
0 0 0
0 0 0
0 0 0
0 0 0
0 13 8
5 17 12
12 24 20
5 1 15
5 0 13
0 18 12
0 17 10
13 8 20
13 15 18
6 0 0
6 10 13
5 0 15
10 1 12
1 12 8
5 17 8
12 8 10
0 12 10
0 3 22
6 1 17
10 15 5
6 13 8
8 18 10
0 0 12
0 15 18
0 15 1
0 6 24
0 13 18
0 10 1
3 10 6
12 15 6
8 3 13
12 18 3
0 0 0
0 0 0
0 0 0
0 0 0
0 13 8
5 17 12
12 24 20
5 1 15
5 0 13
0 18 12
0 17 10
13 8 20
13 15 18
6 0 0
6 10 13
5 0 15
10 1 12
1 12 8
5 17 8
12 8 10
0 12 10
0 3 22
6 1 17
10 15 5
6 13 8
8 18 10
0 0 12
0 15 18
0 15 1
0 6 24
0 13 18
0 10 1
3 10 6
12 15 6
8 3 13
12 18 3
0 0 0
0 0 0
0 0 0
0 0 0
0 13 8
5 17 12
12 24 20
5 1 15
5 0 13
0 18 12
0 17 10
13 8 20
13 15 18
6 0 0
6 10 13
5 0 15
10 1 12
1 12 8
5 17 8
12 8 10
0 12 10
0 3 22
6 1 17
10 15 5
6 13 8
8 18 10
0 0 12
0 15 18
0 15 1
0 6 24
0 13 18
0 10 1
3 10 6
12 15 6
8 3 13
12 18 3
0 0 0
0 0 0
0 0 0
0 0 0
0 13 8
5 17 12
12 24 20
5 1 15
5 0 13
0 18 12
0 17 10
13 8 20
13 15 18
6 0 0
6 10 13
5 0 15
10 1 12
1 12 8
5 17 8
12 8 10
0 12 10
0 3 22
6 1 17
10 15 5
6 13 8
8 18 10
0 0 12
0 15 18
0 15 1
0 6 24
0 13 18
0 10 1
3 10 6
12 15 6
8 3 13
12 18 3
0 0 0
0 0 0
0 0 0
0 0 0
0 13 8
5 17 12
12 24 20
5 1 15
5 0 13
0 18 12
0 17 10
13 8 20
13 15 18
6 0 0
6 10 13
5 0 15
10 1 12
1 12 8
5 17 8
12 8 10
0 12 10
0 3 22
6 1 17
10 15 5
6 13 8
8 18 10
0 0 12
0 15 18
0 15 1
0 6 24
0 13 18
0 10 1
3 10 6
12 15 6
8 3 13
12 18 3
0 0 0
0 0 0
0 0 0
0 0 0
0 13 8
5 17 12
12 24 20
5 1 15
5 0 13
0 18 12
0 17 10
13 8 20
13 15 18
6 0 0
6 10 13
5 0 15
10 1 12
1 12 8
5 17 8
12 8 10
0 12 10
0 3 22
6 1 17
10 15 5
6 13 8
8 18 10
0 0 12
0 15 18
0 15 1
0 6 24
0 13 18
0 10 1
3 10 6
12 15 6
8 3 13
12 18 3
0 0 0
0 0 0
0 0 0
0 0 0
0 13 8
5 17 12
12 24 20
5 1 15
5 0 13
0 18 12
0 17 10
13 8 20
13 15 18
6 0 0
6 10 13
5 0 15
10 1 12
1 12 8
5 17 8
12 8 10
0 12 10
0 3 22
6 1 17
10 15 5
6 13 8
8 18 10
0 0 12
0 15 18
0 15 1
0 6 24
0 13 18
0 10 1
3 10 6
12 15 6
8 3 13
12 18 3
0 0 0
0 0 0
0 0 0
0 0 0
0 13 8
5 17 12
12 24 20
5 1 15
5 0 13
0 18 12
0 17 10
13 8 20
13 15 18
6 0 0
6 10 13
5 0 15
10 1 12
1 12 8
5 17 8
12 8 10
0 12 10
0 3 22
6 1 17
10 15 5
6 13 8
8 18 10
0 0 12
0 15 18
0 15 1
0 6 24
0 13 18
0 10 1
3 10 6
12 15 6
8 3 13
12 18 3
0 0 0
0 0 0
0 0 0
0 0 0
0 13 8
5 17 12
12 24 20
5 1 15
5 0 13
0 18 12
0 17 10
13 8 20
13 15 18
6 0 0
6 10 13
5 0 15
10 1 12
1 12 8
5 17 8
12 8 10
0 12 10
0 3 22
6 1 17
10 15 5
6 13 8
8 18 10
0 0 12
0 15 18
0 15 1
0 6 24
0 13 18
0 10 1
3 10 6
12 15 6
8 3 13
12 18 3
0 0 0
0 0 0
0 0 0
0 0 0
0 13 8
5 17 12
12 24 20
5 1 15
5 0 13
0 18 12
0 17 10
13 8 20
13 15 18
6 0 0
6 10 13
5 0 15
10 1 12
1 12 8
5 17 8
12 8 10
0 12 10
0 3 22
6 1 17
10 15 5
6 13 8
8 18 10
0 0 12
0 15 18
0 15 1
0 6 24
0 13 18
0 10 1
3 10 6
12 15 6
8 3 13
12 18 3
0 0 0
0 0 0
0 0 0
0 0 0
0 13 8
5 17 12
12 24 20
5 1 15
5 0 13
0 18 12
0 17 10
13 8 20
13 15 18
6 0 0
6 10 13
5 0 15
10 1 12
1 12 8
5 17 8
12 8 10
0 12 10
0 3 22
6 1 17
10 15 5
6 13 8
8 18 10
0 0 12
0 15 18
0 15 1
0 6 24
0 13 18
0 10 1
3 10 6
12 15 6
8 3 13
12 18 3
0 0 0
0 0 0
0 0 0
0 0 0
0 13 8
5 17 12
12 24 20
5 1 15
5 0 13
0 18 12
0 17 10
13 8 20
13 15 18
6 0 0
6 10 13
5 0 15
10 1 12
1 12 8
5 17 8
12 8 10
0 12 10
0 3 22
6 1 17
10 15 5
6 13 8
8 18 10
0 0 12
0 15 18
0 15 1
0 6 24
0 13 18
0 10 1
3 10 6
12 15 6
8 3 13
12 18 3
0 0 0
0 0 0
0 0 0
0 0 0
0 13 8
5 17 12
12 24 20
5 1 15
5 0 13
0 18 12
0 17 10
13 8 20
13 15 18
6 0 0
6 10 13
5 0 15
10 1 12
1 12 8
5 17 8
12 8 10
0 12 10
0 3 22
6 1 17
10 15 5
6 13 8
8 18 10
0 0 12
0 15 18
0 15 1
0 6 24
0 13 18
0 10 1
3 10 6
12 15 6
8 3 13
12 18 3
0 0 0
0 0 0
0 0 0
0 0 0
0 13 8
5 17 12
12 24 20
5 1 15
5 0 13
0 18 12
0 17 10
13 8 20
13 15 18
6 0 0
6 10 13
5 0 15
10 1 12
1 12 8
5 17 8
12 8 10
0 12 10
0 3 22
6 1 17
10 15 5
6 13 8
8 18 10
0 0 12
0 15 18
0 15 1
0 6 24
0 13 18
0 10 1
3 10 6
12 15 6
8 3 13
12 18 3
0 0 0
0 0 0
0 0 0
0 0 0
0 13 8
5 17 12
12 24 20
5 1 15
5 0 13
0 18 12
0 17 10
13 8 20
13 15 18
6 0 0
6 10 13
5 0 15
10 1 12
1 12 8
5 17 8
12 8 10
0 12 10
0 3 22
6 1 17
10 15 5
6 13 8
8 18 10
0 0 12
0 15 18
0 15 1
0 6 24
0 13 18
0 10 1
3 10 6
12 15 6
8 3 13
12 18 3
0 0 0
0 0 0
0 0 0
0 0 0
0 13 8
5 17 12
12 24 20
5 1 15
5 0 13
0 18 12
0 17 10
13 8 20
13 15 18
6 0 0
6 10 13
5 0 15
10 1 12
1 12 8
5 17 8
12 8 10
0 12 10
0 3 22
6 1 17
10 15 5
6 13 8
8 18 10
0 0 12
0 15 18
0 15 1
0 6 24
0 13 18
0 10 1
3 10 6
12 15 6
8 3 13
12 18 3
0 0 0
0 0 0
0 0 0
0 0 0
0 13 8
5 17 12
12 24 20
5 1 15
5 0 13
0 18 12
0 17 10
13 8 20
13 15 18
6 0 0
6 10 13
5 0 15
10 1 12
1 12 8
5 17 8
12 8 10
0 12 10
0 3 22
6 1 17
10 15 5
6 13 8
8 18 10
0 0 12
0 15 18
0 15 1
0 6 24
0 13 18
0 10 1
3 10 6
12 15 6
8 3 13
12 18 3
0 0 0
0 0 0
0 0 0
0 0 0
0 13 8
5 17 12
12 24 20
5 1 15
5 0 13
0 18 12
0 17 10
13 8 20
13 15 18
6 0 0
6 10 13
5 0 15
10 1 12
1 12 8
5 17 8
12 8 10
0 12 10
0 3 22
6 1 17
10 15 5
6 13 8
8 18 10
0 0 12
0 15 18
0 15 1
0 6 24
0 13 18
0 10 1
3 10 6
12 15 6
8 3 13
12 18 3
0 0 0
0 0 0
0 0 0
0 0 0
0 13 8
5 17 12
12 24 20
5 1 15
5 0 13
0 18 12
0 17 10
13 8 20
13 15 18
6 0 0
6 10 13
5 0 15
10 1 12
1 12 8
5 17 8
12 8 10
0 12 10
0 3 22
6 1 17
10 15 5
6 13 8
8 18 10
0 0 12
0 15 18
0 15 1
0 6 24
0 13 18
0 10 1
3 10 6
12 15 6
8 3 13
12 18 3
0 0 0
0 0 0
0 0 0
0 0 0
0 13 8
5 17 12
12 24 20
5 1 15
5 0 13
0 18 12
0 17 10
13 8 20
13 15 18
6 0 0
6 10 13
5 0 15
10 1 12
1 12 8
5 17 8
12 8 10
0 12 10
0 3 22
6 1 17
10 15 5
6 13 8
8 18 10
0 0 12
0 15 18
0 15 1
0 6 24
0 13 18
0 10 1
3 10 6
12 15 6
8 3 13
12 18 3
0 0 0
0 0 0
0 0 0
0 0 0
0 13 8
5 17 12
12 24 20
5 1 15
5 0 13
0 18 12
0 17 10
13 8 20
13 15 18
6 0 0
6 10 13
5 0 15
10 1 12
1 12 8
5 17 8
12 8 10
0 12 10
0 3 22
6 1 17
10 15 5
6 13 8
8 18 10
0 0 12
0 15 18
0 15 1
0 6 24
0 13 18
0 10 1
3 10 6
12 15 6
8 3 13
12 18 3
0 0 0
0 0 0
0 0 0
0 0 0
0 13 8
5 17 12
12 24 20
5 1 15
5 0 13
0 18 12
0 17 10
13 8 20
13 15 18
6 0 0
6 10 13
5 0 15
10 1 12
1 12 8
5 17 8
12 8 10
0 12 10
0 3 22
6 1 17
10 15 5
6 13 8
8 18 10
0 0 12
0 15 18
0 15 1
0 6 24
0 13 18
0 10 1
3 10 6
12 15 6
8 3 13
12 18 3
0 0 0
0 0 0
0 0 0
0 0 0
0 13 8
5 17 12
12 24 20
5 1 15
5 0 13
0 18 12
0 17 10
13 8 20
13 15 18
6 0 0
6 10 13
5 0 15
10 1 12
1 12 8
5 17 8
12 8 10
0 12 10
0 3 22
6 1 17
10 15 5
6 13 8
8 18 10
0 0 12
0 15 18
0 15 1
0 6 24
0 13 18
0 10 1
3 10 6
12 15 6
8 3 13
12 18 3
0 0 0
0 0 0
0 0 0
0 0 0
0 13 8
5 17 12
12 24 20
5 1 15
5 0 13
0 18 12
0 17 10
13 8 20
13 15 18
6 0 0
6 10 13
5 0 15
10 1 12
1 12 8
5 17 8
12 8 10
0 12 10
0 3 22
6 1 17
10 15 5
6 13 8
8 18 10
0 0 12
0 15 18
0 15 1
0 6 24
0 13 18
0 10 1
3 10 6
12 15 6
8 3 13
12 18 3
0 0 0
0 0 0
0 0 0
0 0 0
0 13 8
5 17 12
12 24 20
5 1 15
5 0 13
0 18 12
0 17 10
13 8 20
13 15 18
6 0 0
6 10 13
5 0 15
10 1 12
1 12 8
5 17 8
12 8 10
0 12 10
0 3 22
6 1 17
10 15 5
6 13 8
8 18 10
0 0 12
0 15 18
0 15 1
0 6 24
0 13 18
0 10 1
3 10 6
12 15 6
8 3 13
12 18 3
0 0 0
0 0 0
0 0 0
0 0 0
0 13 8
5 17 12
12 24 20
5 1 15
5 0 13
0 18 12
0 17 10
13 8 20
13 15 18
6 0 0
6 10 13
5 0 15
10 1 12
1 12 8
5 17 8
12 8 10
0 12 10
0 3 22
6 1 17
10 15 5
6 13 8
8 18 10
0 0 12
0 15 18
0 15 1
0 6 24
0 13 18
0 10 1
3 10 6
12 15 6
8 3 13
12 18 3
0 0 0
0 0 0
0 0 0
0 0 0
0 13 8
5 17 12
12 24 20
5 1 15
5 0 13
0 18 12
0 17 10
13 8 20
13 15 18
6 0 0
6 10 13
5 0 15
10 1 12
1 12 8
5 17 8
12 8 10
0 12 10
0 3 22
6 1 17
10 15 5
6 13 8
8 18 10
0 0 12
0 15 18
0 15 1
0 6 24
0 13 18
0 10 1
3 10 6
12 15 6
8 3 13
12 18 3
0 0 0
0 0 0
0 0 0
0 0 0
0 13 8
5 17 12
12 24 20
5 1 15
5 0 13
0 18 12
0 17 10
13 8 20
13 15 18
6 0 0
6 10 13
5 0 15
10 1 12
1 12 8
5 17 8
12 8 10
0 12 10
0 3 22
6 1 17
10 15 5
6 13 8
8 18 10
0 0 12
0 15 18
0 15 1
0 6 24
0 13 18
0 10 1
3 10 6
12 15 6
8 3 13
12 18 3
0 0 0
0 0 0
0 0 0
0 0 0
0 13 8
5 17 12
12 24 20
5 1 15
5 0 13
0 18 12
0 17 10
13 8 20
13 15 18
6 0 0
6 10 13
5 0 15
10 1 12
1 12 8
5 17 8
12 8 10
0 12 10
0 3 22
6 1 17
10 15 5
6 13 8
8 18 10
0 0 12
0 15 18
0 15 1
0 6 24
0 13 18
0 10 1
3 10 6
12 15 6
8 3 13
12 18 3
0 0 0
0 0 0
0 0 0
0 0 0
0 13 8
5 17 12
12 24 20
5 1 15
5 0 13
0 18 12
0 17 10
13 8 20
13 15 18
6 0 0
6 10 13
5 0 15
10 1 12
1 12 8
5 17 8
12 8 10
0 12 10
0 3 22
6 1 17
10 15 5
6 13 8
8 18 10
0 0 12
0 15 18
0 15 1
0 6 24
0 13 18
0 10 1
3 10 6
12 15 6
8 3 13
12 18 3
0 0 0
0 0 0
0 0 0
0 0 0
0 13 8
5 17 12
12 24 20
5 1 15
5 0 13
0 18 12
0 17 10
13 8 20
13 15 18
6 0 0
6 10 13
5 0 15
10 1 12
1 12 8
5 17 8
12 8 10
0 12 10
0 3 22
6 1 17
10 15 5
6 13 8
8 18 10
0 0 12
0 15 18
0 15 1
0 6 24
0 13 18
0 10 1
3 10 6
12 15 6
8 3 13
12 18 3
0 0 0
0 0 0
0 0 0
0 0 0
0 13 8
5 17 12
12 24 20
5 1 15
5 0 13
0 18 12
0 17 10
13 8 20
13 15 18
6 0 0
6 10 13
5 0 15
10 1 12
1 12 8
5 17 8
12 8 10
0 12 10
0 3 22
6 1 17
10 15 5
6 13 8
8 18 10
0 0 12
0 15 18
0 15 1
0 6 24
0 13 18
0 10 1
3 10 6
12 15 6
8 3 13
12 18 3
0 0 0
0 0 0
0 0 0
0 0 0
0 13 8
5 17 12
12 24 20
5 1 15
5 0 13
0 18 12
0 17 10
13 8 20
13 15 18
6 0 0
6 10 13
5 0 15
10 1 12
1 12 8
5 17 8
12 8 10
0 12 10
0 3 22
6 1 17
10 15 5
6 13 8
8 18 10
0 0 12
0 15 18
0 15 1
0 6 24
0 13 18
0 10 1
3 10 6
12 15 6
8 3 13
12 18 3
0 0 0
0 0 0
0 0 0
0 0 0
0 13 8
5 17 12
12 24 20
5 1 15
5 0 13
0 18 12
0 17 10
13 8 20
13 15 18
6 0 0
6 10 13
5 0 15
10 1 12
1 12 8
5 17 8
12 8 10
0 12 10
0 3 22
6 1 17
10 15 5
6 13 8
8 18 10
0 0 12
0 15 18
0 15 1
0 6 24
0 13 18
0 10 1
3 10 6
12 15 6
8 3 13
12 18 3
0 0 0
0 0 0
0 0 0
0 0 0
0 13 8
5 17 12
12 24 20
5 1 15
5 0 13
0 18 12
0 17 10
13 8 20
13 15 18
6 0 0
6 10 13
5 0 15
10 1 12
1 12 8
5 17 8
12 8 10
0 12 10
0 3 22
6 1 17
10 15 5
6 13 8
8 18 10
0 0 12
0 15 18
0 15 1
0 6 24
0 13 18
0 10 1
3 10 6
12 15 6
8 3 13
12 18 3
0 0 0
0 0 0
0 0 0
0 0 0
0 13 8
5 17 12
12 24 20
5 1 15
5 0 13
0 18 12
0 17 10
13 8 20
13 15 18
6 0 0
6 10 13
5 0 15
10 1 12
1 12 8
5 17 8
12 8 10
0 12 10
0 3 22
6 1 17
10 15 5
6 13 8
8 18 10
0 0 12
0 15 18
0 15 1
0 6 24
0 13 18
0 10 1
3 10 6
12 15 6
8 3 13
12 18 3
0 0 0
0 0 0
0 0 0
0 0 0
0 13 8
5 17 12
12 24 20
5 1 15
5 0 13
0 18 12
0 17 10
13 8 20
13 15 18
6 0 0
6 10 13
5 0 15
10 1 12
1 12 8
5 17 8
12 8 10
0 12 10
0 3 22
6 1 17
10 15 5
6 13 8
8 18 10
0 0 12
0 15 18
0 15 1
0 6 24
0 13 18
0 10 1
3 10 6
12 15 6
8 3 13
12 18 3
0 0 0
0 0 0
0 0 0
0 0 0
0 13 8
5 17 12
12 24 20
5 1 15
5 0 13
0 18 12
0 17 10
13 8 20
13 15 18
6 0 0
6 10 13
5 0 15
10 1 12
1 12 8
5 17 8
12 8 10
0 12 10
0 3 22
6 1 17
10 15 5
6 13 8
8 18 10
0 0 12
0 15 18
0 15 1
0 6 24
0 13 18
0 10 1
3 10 6
12 15 6
8 3 13
12 18 3
0 0 0
0 0 0
0 0 0
0 0 0
0 13 8
5 17 12
12 24 20
5 1 15
5 0 13
0 18 12
0 17 10
13 8 20
13 15 18
6 0 0
6 10 13
5 0 15
10 1 12
1 12 8
5 17 8
12 8 10
0 12 10
0 3 22
6 1 17
10 15 5
6 13 8
8 18 10
0 0 12
0 15 18
0 15 1
0 6 24
0 13 18
0 10 1
3 10 6
12 15 6
8 3 13
12 18 3
0 0 0
0 0 0
0 0 0
0 0 0
0 13 8
5 17 12
12 24 20
5 1 15
5 0 13
0 18 12
0 17 10
13 8 20
13 15 18
6 0 0
6 10 13
5 0 15
10 1 12
1 12 8
5 17 8
12 8 10
0 12 10
0 3 22
6 1 17
10 15 5
6 13 8
8 18 10
0 0 12
0 15 18
0 15 1
0 6 24
0 13 18
0 10 1
3 10 6
12 15 6
8 3 13
12 18 3
0 0 0
0 0 0
0 0 0
0 0 0
0 13 8
5 17 12
12 24 20
5 1 15
5 0 13
0 18 12
0 17 10
13 8 20
13 15 18
6 0 0
6 10 13
5 0 15
10 1 12
1 12 8
5 17 8
12 8 10
0 12 10
0 3 22
6 1 17
10 15 5
6 13 8
8 18 10
0 0 12
0 15 18
0 15 1
0 6 24
0 13 18
0 10 1
3 10 6
12 15 6
8 3 13
12 18 3
0 0 0
0 0 0
0 0 0
0 0 0
0 13 8
5 17 12
12 24 20
5 1 15
5 0 13
0 18 12
0 17 10
13 8 20
13 15 18
6 0 0
6 10 13
5 0 15
10 1 12
1 12 8
5 17 8
12 8 10
0 12 10
0 3 22
6 1 17
10 15 5
6 13 8
8 18 10
0 0 12
0 15 18
0 15 1
0 6 24
0 13 18
0 10 1
3 10 6
12 15 6
8 3 13
12 18 3
0 0 0
0 0 0
0 0 0
0 0 0
0 13 8
5 17 12
12 24 20
5 1 15
5 0 13
0 18 12
0 17 10
13 8 20
13 15 18
6 0 0
6 10 13
5 0 15
10 1 12
1 12 8
5 17 8
12 8 10
0 12 10
0 3 22
6 1 17
10 15 5
6 13 8
8 18 10
0 0 12
0 15 18
0 15 1
0 6 24
0 13 18
0 10 1
3 10 6
12 15 6
8 3 13
12 18 3
0 0 0
0 0 0
0 0 0
0 0 0
0 13 8
5 17 12
12 24 20
5 1 15
5 0 13
0 18 12
0 17 10
13 8 20
13 15 18
6 0 0
6 10 13
5 0 15
10 1 12
1 12 8
5 17 8
12 8 10
0 12 10
0 3 22
6 1 17
10 15 5
6 13 8
8 18 10
0 0 12
0 15 18
0 15 1
0 6 24
0 13 18
0 10 1
3 10 6
12 15 6
8 3 13
12 18 3
0 0 0
0 0 0
0 0 0
0 0 0
0 13 8
5 17 12
12 24 20
5 1 15
5 0 13
0 18 12
0 17 10
13 8 20
13 15 18
6 0 0
6 10 13
5 0 15
10 1 12
1 12 8
5 17 8
12 8 10
0 12 10
0 3 22
6 1 17
10 15 5
6 13 8
8 18 10
0 0 12
0 15 18
0 15 1
0 6 24
0 13 18
0 10 1
3 10 6
12 15 6
8 3 13
12 18 3
0 0 0
0 0 0
0 0 0
0 0 0
0 13 8
5 17 12
12 24 20
5 1 15
5 0 13
0 18 12
0 17 10
13 8 20
13 15 18
6 0 0
6 10 13
5 0 15
10 1 12
1 12 8
5 17 8
12 8 10
0 12 10
0 3 22
6 1 17
10 15 5
6 13 8
8 18 10
0 0 12
0 15 18
0 15 1
0 6 24
0 13 18
0 10 1
3 10 6
12 15 6
8 3 13
12 18 3
0 0 0
0 0 0
0 0 0
0 0 0
0 13 8
5 17 12
12 24 20
5 1 15
5 0 13
0 18 12
0 17 10
13 8 20
13 15 18
6 0 0
6 10 13
5 0 15
10 1 12
1 12 8
5 17 8
12 8 10
0 12 10
0 3 22
6 1 17
10 15 5
6 13 8
8 18 10
0 0 12
0 15 18
0 15 1
0 6 24
0 13 18
0 10 1
3 10 6
12 15 6
8 3 13
12 18 3
0 0 0
0 0 0
0 0 0
0 0 0
0 13 8
5 17 12
12 24 20
5 1 15
5 0 13
0 18 12
0 17 10
13 8 20
13 15 18
6 0 0
6 10 13
5 0 15
10 1 12
1 12 8
5 17 8
12 8 10
0 12 10
0 3 22
6 1 17
10 15 5
6 13 8
8 18 10
0 0 12
0 15 18
0 15 1
0 6 24
0 13 18
0 10 1
3 10 6
12 15 6
8 3 13
12 18 3
0 0 0
0 0 0
0 0 0
0 0 0
0 13 8
5 17 12
12 24 20
5 1 15
5 0 13
0 18 12
0 17 10
13 8 20
13 15 18
6 0 0
6 10 13
5 0 15
10 1 12
1 12 8
5 17 8
12 8 10
0 12 10
0 3 22
6 1 17
10 15 5
6 13 8
8 18 10
0 0 12
0 15 18
0 15 1
0 6 24
0 13 18
0 10 1
3 10 6
12 15 6
8 3 13
12 18 3
0 0 0
0 0 0
0 0 0
0 0 0
0 13 8
5 17 12
12 24 20
5 1 15
5 0 13
0 18 12
0 17 10
13 8 20
13 15 18
6 0 0
6 10 13
5 0 15
10 1 12
1 12 8
5 17 8
12 8 10
0 12 10
0 3 22
6 1 17
10 15 5
6 13 8
8 18 10
0 0 12
0 15 18
0 15 1
0 6 24
0 13 18
0 10 1
3 10 6
12 15 6
8 3 13
12 18 3
0 0 0
0 0 0
0 0 0
0 0 0
0 13 8
5 17 12
12 24 20
5 1 15
5 0 13
0 18 12
0 17 10
13 8 20
13 15 18
6 0 0
6 10 13
5 0 15
10 1 12
1 12 8
5 17 8
12 8 10
0 12 10
0 3 22
6 1 17
10 15 5
6 13 8
8 18 10
0 0 12
0 15 18
0 15 1
0 6 24
0 13 18
0 10 1
3 10 6
12 15 6
8 3 13
12 18 3
0 0 0
0 0 0
0 0 0
0 0 0
0 13 8
5 17 12
12 24 20
5 1 15
5 0 13
0 18 12
0 17 10
13 8 20
13 15 18
6 0 0
6 10 13
5 0 15
10 1 12
1 12 8
5 17 8
12 8 10
0 12 10
0 3 22
6 1 17
10 15 5
6 13 8
8 18 10
0 0 12
0 15 18
0 15 1
0 6 24
0 13 18
0 10 1
3 10 6
12 15 6
8 3 13
12 18 3
0 0 0
0 0 0
0 0 0
0 0 0
0 13 8
5 17 12
12 24 20
5 1 15
5 0 13
0 18 12
0 17 10
13 8 20
13 15 18
6 0 0
6 10 13
5 0 15
10 1 12
1 12 8
5 17 8
12 8 10
0 12 10
0 3 22
6 1 17
10 15 5
6 13 8
8 18 10
0 0 12
0 15 18
0 15 1
0 6 24
0 13 18
0 10 1
3 10 6
12 15 6
8 3 13
12 18 3
0 0 0
0 0 0
0 0 0
0 0 0
0 13 8
5 17 12
12 24 20
5 1 15
5 0 13
0 18 12
0 17 10
13 8 20
13 15 18
6 0 0
6 10 13
5 0 15
10 1 12
1 12 8
5 17 8
12 8 10
0 12 10
0 3 22
6 1 17
10 15 5
6 13 8
8 18 10
0 0 12
0 15 18
0 15 1
0 6 24
0 13 18
0 10 1
3 10 6
12 15 6
8 3 13
12 18 3
0 0 0
0 0 0
0 0 0
0 0 0
0 13 8
5 17 12
12 24 20
5 1 15
5 0 13
0 18 12
0 17 10
13 8 20
13 15 18
6 0 0
6 10 13
5 0 15
10 1 12
1 12 8
5 17 8
12 8 10
0 12 10
0 3 22
6 1 17
10 15 5
6 13 8
8 18 10
0 0 12
0 15 18
0 15 1
0 6 24
0 13 18
0 10 1
3 10 6
12 15 6
8 3 13
12 18 3
0 0 0
0 0 0
0 0 0
0 0 0
0 13 8
5 17 12
12 24 20
5 1 15
5 0 13
0 18 12
0 17 10
13 8 20
13 15 18
6 0 0
6 10 13
5 0 15
10 1 12
1 12 8
5 17 8
12 8 10
0 12 10
0 3 22
6 1 17
10 15 5
6 13 8
8 18 10
0 0 12
0 15 18
0 15 1
0 6 24
0 13 18
0 10 1
3 10 6
12 15 6
8 3 13
12 18 3
0 0 0
0 0 0
0 0 0
0 0 0
