22 10 23
1 10 12
16 22 21
24 15 7
19 19 12
14 8 16
22 6 17
11 16 16
20 17 24
14 22 19
11 4 5
17 6 17
23 16 4
18 17 14
7 23 21
4 10 20
12 20 14
7 21 17
20 24 6
4 14 20
2 16 6
7 19 11
15 14 18
20 11 19
1 13 15
24 7 23
14 10 15
23 19 5
7 15 12
3 1 6
11 24 20
4 5 15
0 0 0
0 0 0
0 0 0
0 0 0
24 10 16
16 12 19
19 3 24
20 9 13
19 14 17
16 13 22
19 24 18
12 18 6
6 20 11
0 9 20
0 23 19
23 14 12
24 9 12
13 1 3
6 0 13
5 0 6
10 0 17
12 13 9
9 3 16
15 23 16
18 16 8
15 5 13
15 5 9
10 15 3
13 24 14
15 3 1
18 10 22
24 0 4
1 9 23
5 3 11
9 20 21
0 1 15
0 0 0
0 0 0
0 0 0
0 0 0
