10 5 20
15 6 17
12 15 3
13 13 10
6 3 12
1 12 15
13 24 1
20 6 15
10 13 15
12 12 12
22 17 15
10 0 6
20 8 24
1 3 10
18 24 10
0 5 8
10 17 10
13 18 0
10 8 12
18 6 6
3 1 13
1 24 8
1 12 6
13 1 13
15 3 15
12 18 8
8 17 5
1 13 3
15 20 12
13 6 3
3 15 5
8 24 8
0 0 0
0 0 0
0 0 0
0 0 0
17 20 13
12 1 24
15 10 12
20 8 3
0 0 8
0 6 17
0 6 5
0 8 10
0 10 13
0 15 0
22 13 8
20 5 10
1 10 8
0 13 3
0 15 3
24 10 3
24 20 13
1 20 5
22 1 5
22 0 12
22 0 10
15 20 12
13 0 18
6 13 15
22 3 18
15 13 0
10 15 12
15 5 24
8 0 12
22 15 13
5 10 1
17 5 12
0 0 0
0 0 0
0 0 0
0 0 0
