6 3 1
24 10 20
10 0 13
22 15 20
8 8 3
8 0 22
6 3 5
12 20 5
1 1 8
22 15 18
24 22 0
13 13 0
3 10 3
22 1 3
20 1 6
8 3 6
6 13 15
12 5 6
8 12 15
5 17 3
12 8 15
0 15 18
6 6 12
5 3 10
0 3 15
5 6 6
5 12 8
10 8 18
13 8 1
15 8 15
1 13 15
12 1 0
0 0 0
0 0 0
0 0 0
0 0 0
0 0 0
0 0 0
0 0 0
0 0 0
6 18 1
12 8 20
0 0 12
22 15 3
8 10 15
10 5 22
15 17 5
12 6 5
15 6 8
22 15 13
24 12 0
8 5 24
15 17 3
22 1 3
15 8 24
24 8 6
1 13 15
12 5 0
8 12 15
5 5 13
5 17 15
0 15 13
8 6 12
5 17 13
10 22 15
10 6 6
5 17 8
13 8 8
13 8 5
15 5 1
1 13 5
12 1 24
0 0 0
0 0 0
0 0 0
0 0 0
