20 5 13
3 5 15
22 17 12
3 18 12
20 3 5
15 12 5
10 12 10
8 6 15
20 6 1
3 5 10
10 3 8
3 20 3
3 13 13
10 1 15
1 12 10
1 5 6
1 1 3
15 20 10
15 5 22
10 12 8
20 1 10
12 22 6
1 1 5
15 6 15
12 17 13
24 1 17
13 5 1
15 1 5
10 18 8
5 10 20
13 13 13
8 0 5
0 0 0
0 0 0
0 0 0
0 0 0
18 5 22
3 18 15
10 5 0
3 20 12
20 3 0
5 12 0
22 12 10
17 10 13
20 15 1
22 10 0
10 3 8
3 20 1
3 13 0
10 22 6
1 12 10
1 24 6
1 3 13
3 0 10
10 1 0
12 0 3
12 1 10
12 22 3
1 15 5
6 0 12
12 17 15
15 1 10
15 5 1
15 1 6
10 3 17
5 10 0
13 0 0
8 0 10
0 0 0
0 0 0
0 0 0
0 0 0
