17 3 6
0 1 13
15 3 15
8 8 15
6 10 0
15 17 8
3 6 12
17 13 17
0 24 10
12 1 5
20 17 5
1 10 1
17 6 15
8 20 10
15 13 5
17 13 15
12 1 3
8 5 10
0 10 5
20 5 10
3 10 13
13 6 12
17 1 12
1 17 3
3 17 8
13 5 10
3 17 8
12 10 6
6 15 18
17 12 6
1 0 1
10 22 20
0 0 0
0 0 0
0 0 0
0 0 0
5 13 3
8 15 0
0 6 17
15 1 6
15 17 0
10 20 13
18 6 20
13 18 8
13 18 3
15 17 24
15 18 0
15 13 0
20 8 13
20 12 8
18 8 1
1 8 15
1 5 10
5 18 10
5 0 17
6 20 17
17 5 0
1 10 12
1 12 10
15 0 0
15 3 0
15 3 0
22 15 0
15 20 12
10 8 15
8 0 0
8 5 13
3 0 8
0 0 0
0 0 0
0 0 0
0 0 0
