12 20 3
17 5 22
24 5 1
1 12 22
15 10 8
3 20 8
1 6 13
5 5 18
3 8 6
18 6 3
13 22 10
1 10 8
15 5 18
12 6 6
22 20 18
12 12 20
10 0 20
20 5 24
15 13 0
0 6 6
5 18 0
8 5 15
24 10 13
6 17 3
12 6 22
15 5 5
8 1 22
10 12 17
5 15 0
1 17 6
8 13 3
6 15 10
0 0 0
0 0 0
0 0 0
0 0 0
20 12 6
0 8 6
0 13 18
1 6 5
0 5 0
12 5 0
10 3 0
10 20 0
6 12 22
6 0 17
3 0 12
20 0 10
6 1 5
10 8 0
24 15 1
8 0 0
22 17 10
13 0 0
12 5 13
12 0 0
12 0 0
20 8 0
10 8 17
3 5 20
1 5 0
8 18 0
8 17 0
6 15 0
0 22 18
12 8 6
13 24 3
13 0 0
0 0 0
0 0 0
0 0 0
0 0 0
