8 3 13
13 1 17
3 15 3
12 8 3
20 15 20
5 0 10
20 5 18
3 5 10
24 24 5
18 20 1
12 24 5
17 6 15
1 15 8
1 17 8
1 3 22
3 3 6
20 12 12
12 3 0
17 13 0
13 13 17
18 5 6
6 18 12
15 0 15
17 3 1
1 17 5
12 3 10
13 13 12
0 3 3
6 18 22
15 12 12
1 24 8
8 20 1
0 0 0
0 0 0
0 0 0
0 0 0
0 22 15
0 18 6
0 15 1
18 0 17
12 22 3
12 8 3
12 22 13
24 20 22
15 1 18
0 12 3
15 20 13
0 10 1
5 18 8
0 17 1
13 1 6
13 1 8
20 18 1
18 0 0
0 22 6
6 10 3
5 1 3
8 5 20
10 22 6
6 1 5
0 0 13
18 0 10
0 8 10
10 0 5
15 1 17
0 15 13
0 10 6
12 17 5
0 0 0
0 0 0
0 0 0
0 0 0
