0.000000
43.333333
41.583333
50.083333
37.000000
41.416667
51.500000
44.166667
40.750000
47.500000
44.750000
41.750000
45.583333
43.916667
37.166667
44.083333
38.000000
36.916667
49.250000
40.833333
0.000000
2680.583333
2583.750000
2583.750000
2583.750000
2583.750000
2583.750000
2583.750000
2583.750000
2583.833333
2583.750000
2583.750000
2583.750000
2583.750000
2583.750000
2583.750000
2583.750000
2583.750000
2583.750000
2583.750000
0.000000
102.083333
101.083333
101.083333
101.083333
101.083333
101.083333
101.083333
101.083333
101.166667
101.083333
101.083333
101.083333
101.083333
101.083333
101.083333
101.083333
101.083333
101.083333
101.083333
0.000000
102.083333
101.083333
101.083333
101.083333
101.083333
101.083333
101.083333
101.083333
101.166667
101.083333
101.083333
101.083333
101.083333
101.083333
101.083333
101.083333
101.083333
101.083333
101.083333
0.000000
122.333333
132.333333
132.333333
132.333333
132.333333
132.333333
132.333333
132.333333
132.333333
132.333333
132.333333
132.333333
132.333333
132.333333
132.333333
132.333333
132.333333
132.333333
132.333333
0.000000
120.083333
126.250000
126.250000
126.250000
126.250000
126.250000
126.250000
126.250000
126.250000
126.250000
126.250000
126.250000
126.250000
126.250000
126.250000
126.250000
126.250000
126.250000
126.250000
0.000000
112.666667
112.250000
112.250000
112.250000
112.250000
112.250000
112.250000
112.250000
112.250000
112.250000
112.250000
112.250000
112.250000
112.250000
112.250000
112.250000
112.333333
112.250000
112.250000
0.000000
111.750000
99.750000
99.750000
99.750000
99.750000
99.750000
99.750000
99.750000
99.750000
99.750000
99.750000
99.750000
99.750000
99.750000
99.750000
99.750000
99.750000
99.833333
99.750000
0.000000
122.666667
122.666667
122.666667
122.666667
122.666667
122.666667
122.666667
122.666667
122.666667
122.666667
122.666667
122.666667
122.666667
122.666667
122.666667
122.666667
122.666667
122.666667
122.666667
0.000000
111.416667
111.416667
111.416667
111.416667
111.416667
111.416667
111.416667
111.416667
111.416667
111.416667
111.500000
111.500000
111.500000
111.500000
111.500000
111.500000
111.500000
111.500000
111.500000
0.000000
125.833333
125.833333
125.833333
125.833333
125.833333
125.833333
125.833333
125.833333
125.833333
125.833333
125.833333
125.833333
125.833333
125.833333
125.833333
125.833333
125.833333
125.833333
125.833333
0.000000
106.916667
104.583333
109.750000
109.916667
109.916667
109.916667
109.916667
109.916667
109.916667
109.916667
109.916667
109.916667
109.916667
109.916667
109.916667
109.916667
109.916667
109.916667
109.833333
