10 13 17
18 5 8
22 7 5
14 5 1
4 16 24
20 14 23
12 17 11
24 7 16
14 16 21
8 18 11
23 2 9
8 7 3
12 5 1
2 7 14
12 22 13
8 4 8
10 19 5
22 21 12
15 19 17
3 1 10
17 7 1
4 11 22
15 14 15
11 17 22
13 1 15
11 19 15
13 11 20
17 20 24
10 23 21
16 5 6
17 22 1
1 18 3
0 0 0
0 0 0
0 0 0
0 0 0
10 24 6
15 10 6
15 23 11
17 10 8
21 19 12
20 8 16
14 15 21
24 3 5
22 6 8
7 3 16
14 8 18
9 4 21
15 11 20
4 22 13
0 1 11
16 8 21
10 6 17
9 20 16
8 20 23
5 1 20
22 24 6
9 13 17
18 2 21
14 6 21
2 19 11
9 15 16
16 1 20
0 11 22
9 15 24
11 19 16
4 11 9
21 8 23
0 0 0
0 0 0
0 0 0
0 0 0
